/*--------------------------------*- C++ -*----------------------------------*\
  =========                 |
  \\      /  F ield         | OpenFOAM: The Open Source CFD Toolbox
   \\    /   O peration     | Website:  https://openfoam.org
    \\  /    A nd           | Version:  11
     \\/     M anipulation  |
\*---------------------------------------------------------------------------*/
FoamFile
{
    format      ascii;
    class       volScalarField;
    location    "10.75";
    object      C;
}
// * * * * * * * * * * * * * * * * * * * * * * * * * * * * * * * * * * * * * //

dimensions      [0 0 0 0 0 0 0];

internalField   nonuniform List<scalar> 
400
(
-0.000773881
0.0101538
0.0840173
0.00031538
-0.00267316
0.00104387
-0.000317405
0.000196723
0.000388771
0.00114171
0.00268158
0.00567959
0.0109264
0.0189248
0.0298681
0.0428319
0.0555836
0.0634538
0.0597868
0.0386113
0.01829
0.0615808
0.0374778
-0.00511472
-0.000442932
0.000476685
-0.000161199
0.000297104
0.000786412
0.00241158
0.00635574
0.0147945
0.0305295
0.0565982
0.0936839
0.138041
0.18013
0.206942
0.210165
0.196515
0.0510753
0.058534
0.00959256
-0.00486784
0.000750725
9.46937e-05
-3.28891e-05
-0.000438024
-0.00213387
-0.00509165
-0.00814702
-0.00741945
0.00380639
0.0331293
0.0844461
0.150558
0.209061
0.230377
0.204108
0.167709
0.0657695
0.045297
-0.00234533
-0.00277241
0.00122651
0.000262629
0.00064206
-3.34824e-05
-0.00320695
-0.0102805
-0.0206459
-0.0289862
-0.0245241
0.00587867
0.069574
0.155807
0.227313
0.231219
0.145825
0.0400615
0.0725339
0.0354261
-0.006999
-0.00136919
0.000970314
0.000190938
0.000995861
0.000243014
-0.00395743
-0.013202
-0.0250679
-0.0304306
-0.0149203
0.0335121
0.115465
0.214183
0.286991
0.269658
0.135081
-0.0144452
0.0773437
0.0308587
-0.00897349
-0.0009126
0.000283597
-0.000341331
0.000564638
-0.00115994
-0.00821688
-0.0205095
-0.0282173
-0.0120003
0.0435874
0.132425
0.231084
0.317136
0.36155
0.308756
0.133232
-0.0212988
0.082342
0.0309335
-0.00958213
0.000124374
0.00164797
0.00236537
0.00454946
0.0014807
-0.0107888
-0.0262879
-0.018782
0.0454573
0.167365
0.295394
0.383862
0.422398
0.414635
0.323903
0.117636
-0.0166897
0.0882377
0.0351452
-0.00958961
0.00209091
0.00448883
0.00432079
0.0041348
-0.00391728
-0.0220546
-0.0309277
0.0215739
0.171899
0.361155
0.477341
0.502057
0.467552
0.410203
0.303173
0.0901943
-0.0110503
0.0950898
0.0432069
-0.0107354
0.00151702
0.00326183
-0.0039127
-0.0156382
-0.039377
-0.0684718
-0.0480863
0.110034
0.390717
0.578447
0.593211
0.511218
0.411336
0.334515
0.245688
0.0579918
-0.0068062
0.102182
0.0577618
-0.0151582
-0.00669497
-0.00598736
-0.0188144
-0.029345
-0.0294704
0.00332978
0.118965
0.367448
0.692357
0.712896
0.561328
0.389421
0.269293
0.211035
0.164877
0.0286159
-0.00388022
0.10706
0.0827809
-0.0147679
-0.0231914
-0.0193324
-0.0196371
0.00579518
0.0824145
0.234432
0.484555
0.891443
0.896978
0.644242
0.372371
0.19225
0.106554
0.0868748
0.0834761
0.00680406
-0.0019679
0.105295
0.119032
0.00926673
-0.0299003
-0.0219523
0.0128787
0.100178
0.255761
0.464073
0.680515
0.809334
0.656756
0.356148
0.122608
0.0189923
-0.00711068
0.00362647
0.0225042
-0.00532352
-0.00072448
0.0902736
0.157577
0.0717057
0.00752385
0.0142094
0.0856748
0.223062
0.40529
0.570173
0.641726
0.53805
0.292075
0.0661126
-0.0423135
-0.0572539
-0.0431017
-0.0259637
-0.00801425
-0.00881865
2.55729e-05
0.0575668
0.176799
0.158011
0.104806
0.110644
0.194376
0.334787
0.478152
0.550167
0.498798
0.326846
0.123057
-0.0147932
-0.0579971
-0.0446678
-0.0255274
-0.0185919
-0.0130479
-0.00677033
0.000422753
0.0149697
0.154508
0.217364
0.219032
0.2392
0.309499
0.405342
0.47115
0.455671
0.347784
0.189735
0.052077
-0.0203653
-0.0313421
-0.0146397
-0.00137225
-0.00205716
-0.00599037
-0.00264782
0.000545008
-0.0129454
0.0961173
0.202617
0.265541
0.312454
0.362689
0.400838
0.395421
0.329452
0.217572
0.0999175
0.0154089
-0.0211887
-0.0210848
-0.00687702
0.00409288
0.00514041
0.000763848
0.00041138
0.000438735
-0.0121884
0.0354217
0.122411
0.202037
0.259854
0.293399
0.295394
0.259265
0.190717
0.109321
0.039256
-0.00371899
-0.0184197
-0.0149806
-0.0062032
0.000424745
0.00308275
0.00218531
0.00116291
0.000220009
-0.00219366
0.00171284
0.0384969
0.0853414
0.122088
0.138296
0.130907
0.103416
0.0653244
0.0284252
0.00195811
-0.0107378
-0.0121107
-0.00770678
-0.00289779
-0.000364039
0.000441819
0.000618043
0.000458326
2.53596e-05
0.000176635
-0.00514718
-0.00225688
0.00673068
0.0149182
0.0175692
0.0140176
0.00661116
-0.00122404
-0.0067283
-0.0087681
-0.00779979
-0.00519792
-0.00242851
-0.00041613
0.000559496
0.000479835
2.98002e-05
3.93232e-06
-2.93659e-05
0.000237134
-0.000608142
-0.0021916
-0.00394919
-0.00543931
-0.00654227
-0.00715996
-0.00717869
-0.00656933
-0.00546346
-0.00410192
-0.00273944
-0.00156538
-0.000673474
-7.61754e-05
0.000267993
0.000410955
0.000450532
0.000402232
7.52709e-05
)
;

boundaryField
{
    movingWall
    {
        type            zeroGradient;
    }
    fixedWalls
    {
        type            zeroGradient;
    }
    frontAndBack
    {
        type            empty;
    }
}


// ************************************************************************* //
