/*--------------------------------*- C++ -*----------------------------------*\
  =========                 |
  \\      /  F ield         | OpenFOAM: The Open Source CFD Toolbox
   \\    /   O peration     | Website:  https://openfoam.org
    \\  /    A nd           | Version:  11
     \\/     M anipulation  |
\*---------------------------------------------------------------------------*/
FoamFile
{
    format      ascii;
    class       volScalarField;
    location    "16.875";
    object      C;
}
// * * * * * * * * * * * * * * * * * * * * * * * * * * * * * * * * * * * * * //

dimensions      [0 0 0 0 0 0 0];

internalField   nonuniform List<scalar> 
400
(
0.0208696
0.0300959
0.0459937
0.0485038
0.0456333
0.0429522
0.0410557
0.0396154
0.0386176
0.0379959
0.0377011
0.0376875
0.0379157
0.0383628
0.038936
0.0395423
0.0400671
0.040398
0.0404822
0.0403848
0.0336101
0.0408421
0.0478167
0.0457745
0.0411651
0.0370281
0.0339178
0.0320595
0.0316332
0.0325788
0.0346795
0.0376046
0.0409229
0.0441147
0.0467324
0.0483029
0.0485464
0.0474188
0.0453365
0.0431796
0.0392935
0.046035
0.0468628
0.041224
0.0344881
0.0287682
0.0250798
0.0241529
0.0262764
0.0312426
0.0384448
0.0468905
0.0553152
0.0623841
0.0668057
0.0676748
0.064849
0.0591962
0.0527294
0.0481748
0.0423666
0.0479518
0.0447131
0.0361819
0.0270666
0.0194639
0.0151048
0.0155047
0.0214976
0.0328804
0.0483307
0.0655042
0.0814698
0.0932881
0.0986056
0.0963166
0.087033
0.0732702
0.0593122
0.0503808
0.0441428
0.048801
0.0428677
0.0318143
0.0200317
0.0100811
0.00485658
0.00725287
0.0190037
0.039733
0.0666906
0.0952088
0.11986
0.135712
0.139696
0.131453
0.113215
0.0893271
0.0661466
0.0518173
0.0452428
0.0496974
0.042287
0.0292944
0.0151006
0.00307986
-0.00229565
0.00356324
0.0232472
0.0557599
0.096136
0.136417
0.167946
0.184054
0.18255
0.165667
0.137974
0.104607
0.0724374
0.0527646
0.0459666
0.0510717
0.0435235
0.0297942
0.0145564
0.00226753
-0.000851395
0.0113947
0.0420513
0.0887447
0.143138
0.192676
0.224842
0.233226
0.219709
0.191593
0.156031
0.116598
0.0775105
0.0533278
0.0463763
0.0529703
0.0467807
0.034146
0.0203565
0.0111399
0.0144133
0.037671
0.0837854
0.147783
0.215923
0.268933
0.290418
0.279611
0.246318
0.204636
0.163863
0.123335
0.0808621
0.0535607
0.0464977
0.0551999
0.0518638
0.0424417
0.0330813
0.0307822
0.0448634
0.0837489
0.149733
0.234252
0.315231
0.362687
0.358952
0.318049
0.259639
0.203722
0.160686
0.124114
0.0822023
0.0534717
0.0462355
0.0574494
0.0582149
0.0538748
0.051442
0.0587459
0.0856155
0.140725
0.226476
0.332212
0.423581
0.452119
0.413542
0.339465
0.257487
0.190185
0.14788
0.119203
0.0815944
0.0531135
0.0456627
0.0590634
0.0648496
0.0667927
0.0724567
0.0897787
0.127586
0.192861
0.286209
0.395162
0.48837
0.494815
0.429924
0.333906
0.238589
0.166713
0.128213
0.109582
0.0791461
0.0525079
0.0447821
0.0595016
0.0704399
0.078968
0.0922943
0.117623
0.1614
0.227106
0.311831
0.40131
0.463472
0.459558
0.393993
0.297903
0.204478
0.136815
0.105047
0.0966757
0.0751821
0.0517059
0.0435743
0.0583541
0.0735503
0.0880016
0.107268
0.137018
0.180783
0.238264
0.30353
0.363155
0.394298
0.379548
0.321583
0.240316
0.161074
0.104253
0.0814366
0.082356
0.0699857
0.0507247
0.042083
0.0555074
0.0730431
0.091766
0.114543
0.144879
0.183776
0.228453
0.272075
0.30434
0.312915
0.291066
0.242195
0.178657
0.117328
0.0738972
0.0598884
0.0681839
0.0639144
0.0495894
0.040492
0.0512141
0.0684407
0.0887933
0.11234
0.140157
0.171514
0.202903
0.228566
0.241915
0.237532
0.213687
0.173814
0.125843
0.080633
0.0494262
0.0425218
0.0554988
0.0576147
0.0483144
0.0392935
0.0463586
0.0605561
0.0791878
0.10049
0.123514
0.146555
0.166561
0.179706
0.182478
0.17296
0.151494
0.120746
0.0858379
0.0538242
0.0326321
0.0306588
0.0453375
0.0516595
0.046955
0.0402309
0.0426187
0.0514752
0.0650675
0.0810509
0.09746
0.112326
0.123464
0.128817
0.126899
0.117314
0.100925
0.0796425
0.0565165
0.0360674
0.0235713
0.0248392
0.0384434
0.0465375
0.0455768
0.0438591
0.0414808
0.0442307
0.0508512
0.0593797
0.0679912
0.0751386
0.0795394
0.0803336
0.0771179
0.0700937
0.0599531
0.0480325
0.0361421
0.0265948
0.0220485
0.0251726
0.0353691
0.0427443
0.0442679
0.0463698
0.0429386
0.0418333
0.0425025
0.0441552
0.0459306
0.047139
0.0473369
0.0463302
0.0441488
0.0410284
0.0373443
0.0336246
0.0305212
0.0286168
0.028746
0.031307
0.0363843
0.0407364
0.043133
0.0442637
0.0432054
0.0422652
0.0415258
0.0409435
0.0404519
0.0399961
0.0395475
0.0391084
0.038699
0.0383518
0.0381022
0.0379796
0.0380162
0.0382221
0.0386037
0.0391389
0.0399027
0.0406378
0.0423745
)
;

boundaryField
{
    movingWall
    {
        type            zeroGradient;
    }
    fixedWalls
    {
        type            zeroGradient;
    }
    frontAndBack
    {
        type            empty;
    }
}


// ************************************************************************* //
