/*--------------------------------*- C++ -*----------------------------------*\
  =========                 |
  \\      /  F ield         | OpenFOAM: The Open Source CFD Toolbox
   \\    /   O peration     | Website:  https://openfoam.org
    \\  /    A nd           | Version:  11
     \\/     M anipulation  |
\*---------------------------------------------------------------------------*/
FoamFile
{
    format      ascii;
    class       volScalarField;
    location    "16.125";
    object      C;
}
// * * * * * * * * * * * * * * * * * * * * * * * * * * * * * * * * * * * * * //

dimensions      [0 0 0 0 0 0 0];

internalField   nonuniform List<scalar> 
400
(
0.0187236
0.0282914
0.0481437
0.04268
0.0380243
0.0384289
0.0397545
0.0415414
0.043408
0.0451688
0.0467203
0.0479971
0.0489432
0.0494782
0.0496178
0.0493459
0.0487459
0.0478643
0.0467792
0.0455416
0.032087
0.0414275
0.0448858
0.0392168
0.0388433
0.0430455
0.0490202
0.0557487
0.0621216
0.0673371
0.0708861
0.0725022
0.0721335
0.0700382
0.0665423
0.0621014
0.0574416
0.0533083
0.0504593
0.049275
0.0392184
0.0444165
0.0405294
0.0377249
0.0430703
0.0538158
0.0674426
0.0816956
0.0943292
0.103658
0.108552
0.108601
0.104105
0.0960571
0.0856937
0.0744798
0.0638904
0.0552386
0.0495828
0.0473478
0.0423125
0.0431259
0.0367209
0.0377455
0.0492336
0.0681047
0.0914933
0.115627
0.136344
0.15013
0.154735
0.149891
0.137256
0.119841
0.100819
0.0829517
0.067897
0.0563541
0.0488139
0.0457107
0.0435473
0.0407374
0.0332647
0.0374321
0.0545959
0.082138
0.116647
0.152313
0.181993
0.19928
0.200492
0.186053
0.160391
0.130132
0.101857
0.0798286
0.0646625
0.0543617
0.0473871
0.0444109
0.0441124
0.0384453
0.0296429
0.0352691
0.0566468
0.0922628
0.138462
0.187201
0.22744
0.248609
0.244575
0.216483
0.172769
0.125942
0.0876937
0.0639212
0.0530986
0.0485799
0.0449858
0.0431788
0.0445459
0.0367237
0.0257797
0.030753
0.0541293
0.0963408
0.15449
0.218846
0.27382
0.302625
0.294167
0.249364
0.182366
0.115171
0.0656045
0.040539
0.0358556
0.0398365
0.0417834
0.0419984
0.0450714
0.0359376
0.0221588
0.0245319
0.0474884
0.0943061
0.16436
0.247576
0.323612
0.366702
0.356526
0.291885
0.196034
0.105995
0.0445765
0.0173036
0.0173783
0.0296896
0.0380845
0.0408594
0.0457275
0.0363394
0.0196543
0.0181495
0.0386028
0.0875967
0.168029
0.27124
0.373155
0.437389
0.429401
0.342051
0.214068
0.102217
0.0305196
0.000193212
0.00184171
0.0198823
0.0342607
0.0397739
0.0464297
0.0382206
0.0191897
0.0135349
0.0301094
0.0782769
0.164328
0.28186
0.40609
0.494439
0.49492
0.384069
0.231258
0.10465
0.0261631
-0.00771044
-0.00807851
0.0117754
0.030641
0.0387578
0.0470527
0.0414099
0.0217421
0.0124393
0.0245996
0.0689761
0.153464
0.27274
0.401652
0.495517
0.503699
0.393464
0.240706
0.113182
0.0323689
-0.00564993
-0.0112802
0.00624174
0.0274909
0.037829
0.0474551
0.0454362
0.027652
0.0160764
0.0240524
0.0624499
0.138551
0.24671
0.362264
0.443608
0.445707
0.361782
0.239021
0.126474
0.0481154
0.00541226
-0.00797252
0.00370748
0.0249969
0.0370001
0.0474228
0.0495977
0.03644
0.0248311
0.0294631
0.0607212
0.124027
0.213213
0.306565
0.371085
0.376506
0.321577
0.232614
0.141883
0.0699308
0.0228602
0.000485166
0.00421897
0.0233476
0.0362918
0.046642
0.0529249
0.0465994
0.0378385
0.0406801
0.0647871
0.113854
0.182037
0.252609
0.302709
0.313986
0.28389
0.225008
0.156063
0.0924049
0.0426871
0.0120231
0.00735648
0.0228128
0.0357265
0.0446493
0.0542225
0.0556675
0.0525725
0.0559091
0.0740861
0.109867
0.158758
0.209464
0.247651
0.262104
0.24917
0.213126
0.163165
0.109259
0.0601804
0.0242456
0.0124187
0.0234291
0.0353355
0.0408736
0.0525418
0.060859
0.0648965
0.0711346
0.0857149
0.11084
0.143825
0.178026
0.205214
0.218549
0.214505
0.193302
0.158381
0.115257
0.0710635
0.0346892
0.0185829
0.0250986
0.0351466
0.035629
0.0474353
0.0598572
0.0699272
0.0799521
0.0931376
0.110847
0.131825
0.152774
0.169522
0.178284
0.176525
0.163314
0.139416
0.107596
0.0725623
0.0414174
0.0250305
0.027695
0.0351845
0.0340826
0.0418405
0.0533101
0.0650934
0.0766056
0.088408
0.100754
0.113016
0.123861
0.131586
0.134632
0.131738
0.122461
0.107011
0.0868744
0.0643398
0.0434117
0.030931
0.0309414
0.035446
0.0363761
0.0379203
0.0440724
0.0516886
0.0595218
0.0668787
0.0733404
0.0785502
0.0821404
0.0837512
0.0831345
0.080111
0.0747531
0.0673706
0.0587408
0.0495188
0.0409381
0.035284
0.034345
0.0359068
0.0409317
0.0404978
0.0403927
0.0408937
0.0418189
0.0428317
0.0436776
0.0442318
0.0444406
0.0443091
0.0438712
0.0431783
0.0422962
0.0412821
0.0402179
0.0391632
0.0381849
0.0374057
0.0368412
0.0364173
)
;

boundaryField
{
    movingWall
    {
        type            zeroGradient;
    }
    fixedWalls
    {
        type            zeroGradient;
    }
    frontAndBack
    {
        type            empty;
    }
}


// ************************************************************************* //
