/*--------------------------------*- C++ -*----------------------------------*\
  =========                 |
  \\      /  F ield         | OpenFOAM: The Open Source CFD Toolbox
   \\    /   O peration     | Website:  https://openfoam.org
    \\  /    A nd           | Version:  11
     \\/     M anipulation  |
\*---------------------------------------------------------------------------*/
FoamFile
{
    format      ascii;
    class       volScalarField;
    location    "18.75";
    object      C;
}
// * * * * * * * * * * * * * * * * * * * * * * * * * * * * * * * * * * * * * //

dimensions      [0 0 0 0 0 0 0];

internalField   nonuniform List<scalar> 
400
(
0.0256944
0.03329
0.0435367
0.0474382
0.0487568
0.0478074
0.0467579
0.0456537
0.044623
0.043706
0.0429235
0.0422868
0.0418111
0.0415411
0.0414575
0.041563
0.0418173
0.0422063
0.0427247
0.0433955
0.035993
0.0402434
0.0465456
0.0486201
0.0479068
0.045392
0.0424893
0.039548
0.0369978
0.0351065
0.0340174
0.0337694
0.0343103
0.0354512
0.0369832
0.0386383
0.0400976
0.0410892
0.0414683
0.0413517
0.0396687
0.0447089
0.0490097
0.0492208
0.046242
0.041451
0.0360946
0.031052
0.0271547
0.0249393
0.024672
0.0262976
0.0294671
0.0335417
0.0377338
0.0412682
0.0435722
0.0444344
0.0441093
0.0433153
0.0416599
0.0477134
0.0512349
0.0500502
0.0451279
0.0380062
0.0300872
0.0228848
0.0179264
0.016323
0.0185183
0.0241013
0.0318863
0.0400957
0.0469249
0.0510078
0.0518947
0.0502072
0.0473508
0.0450294
0.0428921
0.0501893
0.0539572
0.0523381
0.046426
0.0378143
0.0282575
0.0201013
0.0157933
0.0170239
0.0240938
0.0357266
0.049321
0.0615535
0.0693884
0.0710501
0.0668536
0.0592085
0.0514436
0.0464602
0.0436498
0.0524815
0.0576137
0.0570562
0.0520232
0.044206
0.0358126
0.0299452
0.0296287
0.0365149
0.0501407
0.0679714
0.0859292
0.0994824
0.104877
0.10043
0.0875921
0.0709657
0.0562549
0.0477476
0.0440599
0.054614
0.062198
0.0645297
0.0630348
0.0596718
0.0570868
0.0586817
0.067098
0.0826973
0.103227
0.124552
0.141641
0.150486
0.148304
0.134411
0.11108
0.084168
0.0614086
0.0489004
0.0441387
0.0563816
0.0672828
0.0742107
0.0789832
0.0840654
0.0925188
0.107577
0.130433
0.158497
0.185846
0.205683
0.212979
0.208337
0.192445
0.166693
0.133287
0.0970574
0.0664751
0.0499217
0.0439357
0.0575417
0.0721229
0.0847054
0.0975604
0.113766
0.136801
0.169675
0.211885
0.256768
0.291785
0.304161
0.291262
0.264587
0.230093
0.191692
0.150605
0.108019
0.0710212
0.0507882
0.0434652
0.0578057
0.0758765
0.0941774
0.115247
0.142558
0.17967
0.229469
0.291113
0.355507
0.399833
0.397805
0.359353
0.307867
0.25461
0.205541
0.160598
0.115838
0.0747576
0.0514982
0.0428422
0.0569025
0.0775336
0.100598
0.128263
0.163821
0.210201
0.26941
0.339889
0.411503
0.462245
0.44921
0.393855
0.325685
0.260573
0.206317
0.162249
0.119792
0.0774152
0.0520347
0.0421424
0.0548124
0.0763822
0.102368
0.133718
0.172791
0.221217
0.279344
0.344282
0.405733
0.441625
0.429371
0.377918
0.310135
0.245466
0.19417
0.15589
0.119644
0.0788744
0.0524015
0.0414524
0.0517148
0.0721505
0.0986105
0.130265
0.16789
0.21153
0.259876
0.309189
0.351077
0.370847
0.35865
0.318361
0.264144
0.211633
0.170972
0.14303
0.115733
0.0789664
0.0525765
0.0409267
0.0480797
0.0652925
0.0895244
0.118332
0.15069
0.185249
0.21976
0.250757
0.272981
0.279582
0.267243
0.238665
0.201789
0.166708
0.140996
0.125727
0.108612
0.0774528
0.0525403
0.0408149
0.0446059
0.0569703
0.07643
0.0998418
0.12479
0.149038
0.170217
0.185901
0.193705
0.191746
0.180007
0.160993
0.139295
0.120724
0.109682
0.106505
0.0991251
0.0744492
0.0522666
0.0415409
0.0421694
0.0490215
0.0619551
0.0782214
0.0949844
0.109806
0.120722
0.12641
0.126294
0.12073
0.111032
0.0993795
0.0886924
0.0823073
0.0822628
0.0880251
0.088238
0.0701906
0.0517491
0.0437601
0.0417199
0.0434333
0.0494624
0.0580346
0.0668824
0.0740597
0.0782328
0.078849
0.0760899
0.0708551
0.064534
0.0587973
0.0554642
0.056452
0.0624361
0.0724421
0.0768219
0.0648703
0.0509842
0.0454687
0.0427395
0.041334
0.042042
0.0442126
0.0466901
0.048444
0.0488356
0.0477357
0.0454509
0.0426581
0.0402332
0.0391444
0.0403055
0.0445117
0.0516919
0.0609388
0.0655767
0.0587937
0.0500039
0.0451415
0.0445729
0.0429489
0.0416154
0.0407097
0.0400566
0.0394443
0.0387638
0.0380472
0.0374527
0.037218
0.0376163
0.0389213
0.0412602
0.0446671
0.0487927
0.0532678
0.0551324
0.0523823
0.0488604
0.0422679
0.042461
0.0426517
0.0426864
0.0425815
0.0424236
0.0422869
0.0422169
0.0422457
0.0423909
0.0426619
0.0430587
0.0435712
0.0441798
0.0448545
0.045544
0.0462342
0.0467353
0.0470046
0.0477973
)
;

boundaryField
{
    movingWall
    {
        type            zeroGradient;
    }
    fixedWalls
    {
        type            zeroGradient;
    }
    frontAndBack
    {
        type            empty;
    }
}


// ************************************************************************* //
