/*--------------------------------*- C++ -*----------------------------------*\
  =========                 |
  \\      /  F ield         | OpenFOAM: The Open Source CFD Toolbox
   \\    /   O peration     | Website:  https://openfoam.org
    \\  /    A nd           | Version:  11
     \\/     M anipulation  |
\*---------------------------------------------------------------------------*/
FoamFile
{
    format      ascii;
    class       volScalarField;
    location    "15.875";
    object      C;
}
// * * * * * * * * * * * * * * * * * * * * * * * * * * * * * * * * * * * * * //

dimensions      [0 0 0 0 0 0 0];

internalField   nonuniform List<scalar> 
400
(
0.0180787
0.0272982
0.04551
0.0522325
0.0470882
0.04305
0.0405962
0.039009
0.0381559
0.0378596
0.0379951
0.0384571
0.0391581
0.0400398
0.0409556
0.0417712
0.0423593
0.0426039
0.0424702
0.0420432
0.0306555
0.0396945
0.0497224
0.0475856
0.0402671
0.034959
0.0318821
0.03104
0.0323212
0.0352926
0.0393759
0.0439292
0.0482881
0.0518138
0.054049
0.0546398
0.0536149
0.0513006
0.0484609
0.046074
0.036926
0.0469164
0.0487062
0.0402035
0.0308389
0.0249857
0.0234527
0.0266026
0.0339161
0.0441943
0.0558399
0.067056
0.076097
0.0815903
0.0826486
0.0791755
0.0720624
0.0631383
0.0549997
0.0502259
0.0408718
0.049929
0.0453027
0.03257
0.0216239
0.0162423
0.0182073
0.0282582
0.0454153
0.0671503
0.0898506
0.109621
0.123095
0.128203
0.124379
0.112664
0.0954888
0.0764766
0.0602324
0.0513061
0.0433782
0.0513697
0.0423465
0.0267797
0.014931
0.011343
0.0192004
0.0397286
0.0709037
0.10757
0.142703
0.169515
0.183401
0.182995
0.16984
0.147344
0.119414
0.0902119
0.0653573
0.0518932
0.044994
0.0528861
0.041602
0.0247019
0.0133974
0.0138548
0.0308963
0.0658239
0.114298
0.166804
0.211599
0.238965
0.244655
0.230924
0.204218
0.17132
0.136329
0.100924
0.0694294
0.0521119
0.0460517
0.055195
0.0439815
0.027828
0.0194819
0.0271882
0.0573266
0.110564
0.178783
0.246163
0.294704
0.312048
0.297146
0.26089
0.217346
0.176633
0.141105
0.106323
0.0719154
0.0520489
0.0465939
0.0583838
0.0496971
0.0367927
0.0342279
0.0522908
0.0985791
0.172714
0.262039
0.342718
0.388123
0.382965
0.334148
0.268329
0.207267
0.162321
0.132551
0.105357
0.0725471
0.0517474
0.0466402
0.0621112
0.0582592
0.0510081
0.0564293
0.0861044
0.148028
0.240855
0.348457
0.439375
0.475936
0.437446
0.346771
0.251914
0.177802
0.133132
0.113314
0.0986184
0.0713363
0.0512212
0.0460128
0.0658138
0.0685953
0.0686973
0.0828501
0.122397
0.19392
0.294403
0.406926
0.499219
0.524534
0.448566
0.324197
0.212297
0.135167
0.096103
0.0879176
0.0875885
0.0686018
0.0505237
0.0448337
0.0682925
0.078991
0.0872435
0.109192
0.154503
0.22632
0.318343
0.412609
0.479148
0.483966
0.392351
0.263645
0.155495
0.0870973
0.0582588
0.0611823
0.0741127
0.0646671
0.0496817
0.0431246
0.068609
0.0872715
0.103596
0.131252
0.177418
0.241148
0.312681
0.374034
0.4013
0.371323
0.28541
0.181305
0.0946723
0.0424867
0.0254252
0.0372079
0.0600313
0.0599631
0.0487406
0.0408895
0.0661315
0.091189
0.1146
0.145552
0.188475
0.239494
0.287376
0.316658
0.312392
0.266465
0.19079
0.10997
0.0458301
0.00942805
0.00147636
0.018659
0.0471181
0.0548417
0.0477198
0.0382653
0.0608076
0.0890877
0.117501
0.14959
0.186971
0.224763
0.25295
0.26046
0.24009
0.192741
0.129646
0.0670965
0.018848
-0.00773912
-0.0114948
0.0065249
0.0365759
0.0496868
0.0466422
0.0356325
0.0532457
0.0804896
0.110454
0.141615
0.172855
0.199616
0.214724
0.211664
0.187959
0.147116
0.0973778
0.0490701
0.0112037
-0.0106252
-0.0142945
0.00100832
0.029076
0.0450104
0.0455152
0.0339611
0.0451776
0.0670991
0.0939816
0.121477
0.146427
0.164963
0.172758
0.166752
0.14669
0.115702
0.0791904
0.0432403
0.0137237
-0.00489966
-0.00971992
0.00128963
0.0248342
0.0411697
0.0443784
0.0352459
0.0391582
0.0525247
0.0717229
0.0920937
0.109853
0.121891
0.125827
0.120564
0.106594
0.0859895
0.0619273
0.0378677
0.0172714
0.00334638
-0.00109269
0.00609711
0.0238263
0.0384446
0.0432818
0.0397841
0.0371884
0.0415354
0.0507049
0.0613906
0.0706998
0.0765692
0.0777984
0.0741235
0.0660617
0.0547927
0.0418632
0.0291126
0.0184034
0.0113254
0.00959631
0.0143765
0.026009
0.0370966
0.0422856
0.0427449
0.0383874
0.0372419
0.0383011
0.0403588
0.0422164
0.0430494
0.0424755
0.0404895
0.0373564
0.0335207
0.0295045
0.0258613
0.0232075
0.0219056
0.0226684
0.0255538
0.0313401
0.0373857
0.0414678
0.042653
0.0414862
0.0402809
0.0392224
0.0383604
0.037659
0.037065
0.0365455
0.0360996
0.0357411
0.0354919
0.0353738
0.0353997
0.0355898
0.0359405
0.0364651
0.0371263
0.0380636
0.0390428
0.0409693
)
;

boundaryField
{
    movingWall
    {
        type            zeroGradient;
    }
    fixedWalls
    {
        type            zeroGradient;
    }
    frontAndBack
    {
        type            empty;
    }
}


// ************************************************************************* //
