/*--------------------------------*- C++ -*----------------------------------*\
  =========                 |
  \\      /  F ield         | OpenFOAM: The Open Source CFD Toolbox
   \\    /   O peration     | Website:  https://openfoam.org
    \\  /    A nd           | Version:  11
     \\/     M anipulation  |
\*---------------------------------------------------------------------------*/
FoamFile
{
    format      ascii;
    class       volScalarField;
    location    "17.375";
    object      C;
}
// * * * * * * * * * * * * * * * * * * * * * * * * * * * * * * * * * * * * * //

dimensions      [0 0 0 0 0 0 0];

internalField   nonuniform List<scalar> 
400
(
0.0222414
0.0316263
0.0434089
0.0377886
0.0403628
0.043727
0.0463447
0.0483332
0.049703
0.0505258
0.0508794
0.0508351
0.0504541
0.0497892
0.0489544
0.0480397
0.0471737
0.0464725
0.0460373
0.0458809
0.0352306
0.0393214
0.0408527
0.041341
0.0480415
0.0550365
0.0610234
0.0653445
0.0676331
0.0678763
0.066315
0.0633238
0.059386
0.0551146
0.0509664
0.0473879
0.0447673
0.0433426
0.0431438
0.0438489
0.0397075
0.0407194
0.0419629
0.049502
0.0619269
0.0742732
0.0846318
0.0915094
0.0941845
0.0926419
0.0873443
0.0792251
0.0695631
0.0597802
0.0510823
0.0444463
0.0404031
0.0388996
0.0392481
0.0402396
0.040975
0.0408658
0.0457426
0.0601482
0.079118
0.0980959
0.114292
0.1252
0.129182
0.125757
0.11555
0.100358
0.0827422
0.0654404
0.0508189
0.0406261
0.0355255
0.0348966
0.0369253
0.0390863
0.0411888
0.0409468
0.0499572
0.0704565
0.0961537
0.122596
0.146091
0.162944
0.170324
0.166908
0.153094
0.131078
0.104391
0.0773576
0.0543353
0.0385036
0.0310321
0.0308556
0.0348144
0.0384656
0.0411396
0.0407647
0.0527596
0.077775
0.109159
0.142683
0.174369
0.200017
0.215834
0.218824
0.207278
0.181753
0.145724
0.105965
0.0702892
0.0443843
0.0306488
0.0283701
0.033307
0.0382053
0.0410944
0.0400708
0.0531208
0.0801823
0.114702
0.153175
0.192663
0.230049
0.261298
0.280466
0.28044
0.256659
0.21144
0.155871
0.103273
0.0624512
0.0373121
0.028763
0.0326936
0.0382061
0.0411899
0.0388593
0.0508224
0.0769481
0.11093
0.150487
0.195179
0.244995
0.29712
0.341988
0.363447
0.347125
0.293035
0.220397
0.149603
0.0918497
0.0516949
0.0327297
0.0331679
0.0384255
0.0414716
0.0373745
0.0463473
0.0686749
0.0982623
0.13412
0.179017
0.237528
0.310219
0.385528
0.436382
0.4326
0.371111
0.284559
0.19931
0.127202
0.0719696
0.0401004
0.0347806
0.0388401
0.0420089
0.0359786
0.0406196
0.0570886
0.0793124
0.107207
0.14616
0.205044
0.289467
0.390562
0.472349
0.482833
0.421494
0.331546
0.241053
0.161305
0.0947196
0.0500343
0.03742
0.0394181
0.0427206
0.0351962
0.0348781
0.0443425
0.0578348
0.0754568
0.103858
0.154101
0.234624
0.339303
0.43979
0.466914
0.424222
0.348683
0.266067
0.18773
0.116144
0.0613162
0.0409059
0.0401345
0.0435768
0.0353715
0.0304313
0.0327911
0.0377969
0.045269
0.0617174
0.0981409
0.16324
0.25269
0.340046
0.384812
0.377168
0.332314
0.27017
0.202522
0.132943
0.0725764
0.0449834
0.0409592
0.044555
0.0366643
0.0283426
0.024531
0.022528
0.021943
0.0281265
0.0503992
0.0962611
0.163485
0.234194
0.285317
0.303637
0.290388
0.25466
0.204328
0.143
0.0824312
0.0493499
0.041863
0.0455858
0.0389727
0.0291689
0.0210216
0.0141526
0.00848173
0.0078503
0.0191215
0.0480345
0.0941822
0.14818
0.196554
0.227999
0.237405
0.225442
0.194402
0.145738
0.0895471
0.0535553
0.0428135
0.0465053
0.0419176
0.0327707
0.0228007
0.0134891
0.00557703
0.00169757
0.0062726
0.0231683
0.0529241
0.0914452
0.131384
0.16491
0.185744
0.190221
0.175941
0.141346
0.0931401
0.0570485
0.0437913
0.0470016
0.0448285
0.0381389
0.0290925
0.0199167
0.0121455
0.00774389
0.00929047
0.0190125
0.0375556
0.0633666
0.0928184
0.121314
0.143899
0.156002
0.152914
0.130992
0.0928747
0.0593872
0.0447398
0.0458657
0.046614
0.0436196
0.0378111
0.0312065
0.0255682
0.0224648
0.0233594
0.0293425
0.0407846
0.0570879
0.0766627
0.0969618
0.114925
0.126996
0.12862
0.11608
0.0885459
0.0600887
0.0455789
0.0424502
0.0463507
0.047226
0.0457193
0.0432321
0.0411162
0.0404518
0.0420284
0.0462892
0.0533197
0.0627972
0.0739898
0.0856389
0.095942
0.10311
0.104295
0.097448
0.0797472
0.0586387
0.0462226
0.0404386
0.0450095
0.0478011
0.0494836
0.0505796
0.0516377
0.0530925
0.0552104
0.0580856
0.0616621
0.065754
0.0700425
0.0741268
0.0773231
0.0792396
0.0785073
0.0749438
0.0658829
0.054487
0.0465648
0.0410704
0.0422644
0.0435721
0.0448521
0.0460388
0.0471123
0.0480824
0.0489651
0.0497584
0.0504515
0.0510259
0.0514572
0.0517295
0.0518037
0.0516781
0.0513064
0.0507493
0.0497032
0.0484878
0.046534
)
;

boundaryField
{
    movingWall
    {
        type            zeroGradient;
    }
    fixedWalls
    {
        type            zeroGradient;
    }
    frontAndBack
    {
        type            empty;
    }
}


// ************************************************************************* //
