/*--------------------------------*- C++ -*----------------------------------*\
  =========                 |
  \\      /  F ield         | OpenFOAM: The Open Source CFD Toolbox
   \\    /   O peration     | Website:  https://openfoam.org
    \\  /    A nd           | Version:  11
     \\/     M anipulation  |
\*---------------------------------------------------------------------------*/
FoamFile
{
    format      ascii;
    class       volScalarField;
    location    "12.625";
    object      C;
}
// * * * * * * * * * * * * * * * * * * * * * * * * * * * * * * * * * * * * * //

dimensions      [0 0 0 0 0 0 0];

internalField   nonuniform List<scalar> 
400
(
0.00765317
0.0180527
0.0243589
0.0541185
0.0552748
0.0485892
0.044902
0.0418422
0.0394008
0.0373808
0.0356912
0.0342918
0.0332029
0.0325478
0.0323091
0.0325575
0.0332545
0.0343637
0.0357494
0.0372822
0.0212585
0.0229278
0.0430523
0.0555476
0.0484527
0.0395005
0.0327425
0.0268989
0.0221834
0.0184905
0.0158009
0.0141924
0.0138351
0.0148213
0.0174111
0.0216417
0.0270213
0.0324319
0.0360986
0.0365636
0.0227708
0.0354225
0.0539279
0.0522169
0.039103
0.0276671
0.0187037
0.01166
0.00628418
0.00207534
-0.00109277
-0.00293532
-0.00278679
0.000171566
0.00657693
0.0163211
0.0281892
0.039726
0.0476675
0.0497686
0.0257091
0.0464589
0.0590328
0.0477377
0.0304851
0.0167952
0.00650927
-0.00089606
-0.00636047
-0.0108144
-0.0143389
-0.0160628
-0.0144865
-0.00825024
0.0030176
0.0182454
0.035029
0.0499316
0.0591235
0.0607216
0.0288666
0.0554866
0.0631844
0.0456079
0.0247341
0.00824737
-0.00393716
-0.0123363
-0.0182691
-0.0227316
-0.0252093
-0.0236924
-0.0158293
-0.00131109
0.0177501
0.0378669
0.0554284
0.0676266
0.0721126
0.0685388
0.031299
0.0636087
0.0698078
0.0488824
0.0250535
0.00538921
-0.00997403
-0.0216217
-0.0306459
-0.0364976
-0.0358088
-0.024404
-0.00107263
0.0288161
0.0579701
0.0803817
0.0924272
0.094247
0.087472
0.0743219
0.0327053
0.0714968
0.0807068
0.0604521
0.036548
0.0161428
-0.0010038
-0.0163146
-0.0301964
-0.0380052
-0.0302837
-0.000687983
0.045167
0.0915457
0.126104
0.143882
0.143263
0.127965
0.104455
0.0785727
0.0327448
0.0787529
0.0960349
0.0819059
0.0637011
0.0495071
0.0383933
0.0272446
0.0156485
0.0122979
0.0325284
0.0819546
0.141787
0.190072
0.214932
0.217683
0.199474
0.164517
0.121595
0.0815419
0.0314016
0.084288
0.114065
0.1119
0.10619
0.107198
0.114547
0.124455
0.135689
0.156043
0.195994
0.249587
0.289366
0.308631
0.304172
0.283854
0.248903
0.198155
0.137021
0.0833231
0.0285623
0.0863617
0.131611
0.145676
0.156911
0.178096
0.210693
0.253907
0.312133
0.39059
0.461333
0.472699
0.447477
0.408881
0.364969
0.323059
0.279662
0.223199
0.149058
0.084002
0.0249176
0.0829204
0.143376
0.175921
0.204175
0.242516
0.293557
0.358266
0.444637
0.559825
0.667847
0.630008
0.533966
0.442888
0.371834
0.322121
0.284068
0.235258
0.156199
0.0836199
0.0210511
0.0733601
0.144047
0.194033
0.235734
0.282034
0.334973
0.393792
0.46357
0.548902
0.605633
0.570306
0.476477
0.382395
0.316496
0.279848
0.261184
0.232147
0.157588
0.0822772
0.017704
0.0585835
0.130349
0.192494
0.24238
0.287205
0.327398
0.359816
0.385161
0.406694
0.403165
0.362536
0.301704
0.247723
0.215964
0.207584
0.217081
0.214646
0.152644
0.0800157
0.0159838
0.0414466
0.103285
0.168068
0.22017
0.258345
0.281122
0.285331
0.270917
0.242896
0.202706
0.158293
0.122815
0.105301
0.107227
0.126169
0.161789
0.1858
0.141195
0.0768918
0.0174953
0.026434
0.0689436
0.124402
0.171733
0.202096
0.212019
0.200035
0.168102
0.123068
0.0748735
0.0345061
0.0117121
0.00968979
0.0256969
0.0569471
0.107077
0.150409
0.124591
0.0729357
0.0232013
0.0181072
0.0374846
0.0735153
0.108311
0.130144
0.134119
0.11991
0.0908379
0.0533797
0.0162565
-0.0126548
-0.0281384
-0.028739
-0.015464
0.0126248
0.062907
0.113916
0.104897
0.068339
0.0341776
0.0194026
0.0185524
0.0318627
0.0489609
0.0605527
0.0620156
0.0529514
0.0359073
0.0150104
-0.00513634
-0.0205044
-0.029438
-0.0313094
-0.0248107
-0.00567732
0.0348086
0.0813681
0.0844093
0.0633538
0.0490205
0.028565
0.0157184
0.0117866
0.0127445
0.0139875
0.0127432
0.00836672
0.00171137
-0.00576541
-0.012661
-0.0179264
-0.0209467
-0.0209535
-0.0162549
-0.00307111
0.0241294
0.057082
0.0658349
0.058349
0.0570035
0.0413784
0.0285054
0.0189299
0.0123029
0.00773645
0.00441523
0.00189585
6.03264e-05
-0.00106106
-0.00143252
-0.000986567
0.000420741
0.00328246
0.008176
0.0165514
0.0294673
0.0445414
0.0518728
0.0537466
0.0488237
0.0452007
0.0416816
0.0384457
0.0356425
0.0334613
0.0319674
0.0311097
0.0308139
0.0309849
0.031539
0.0324112
0.033553
0.0349667
0.0366375
0.038574
0.0407396
0.0431703
0.0450598
0.0503976
)
;

boundaryField
{
    movingWall
    {
        type            zeroGradient;
    }
    fixedWalls
    {
        type            zeroGradient;
    }
    frontAndBack
    {
        type            empty;
    }
}


// ************************************************************************* //
