/*--------------------------------*- C++ -*----------------------------------*\
  =========                 |
  \\      /  F ield         | OpenFOAM: The Open Source CFD Toolbox
   \\    /   O peration     | Website:  https://openfoam.org
    \\  /    A nd           | Version:  11
     \\/     M anipulation  |
\*---------------------------------------------------------------------------*/
FoamFile
{
    format      ascii;
    class       volScalarField;
    location    "19.75";
    object      C;
}
// * * * * * * * * * * * * * * * * * * * * * * * * * * * * * * * * * * * * * //

dimensions      [0 0 0 0 0 0 0];

internalField   nonuniform List<scalar> 
400
(
0.0278677
0.0348628
0.0437247
0.0463766
0.0481773
0.0475681
0.0466821
0.0456994
0.0447572
0.0439086
0.0431794
0.0425835
0.0421379
0.0418996
0.0418323
0.0419244
0.0421299
0.0424315
0.0428342
0.0433749
0.0373709
0.0408522
0.046035
0.0482133
0.0485465
0.0470014
0.0450316
0.0429681
0.0411655
0.0398334
0.03907
0.0388812
0.0392058
0.0398823
0.0407254
0.041522
0.0420868
0.042293
0.0421424
0.0417974
0.040583
0.0446078
0.0488379
0.0506986
0.0502214
0.0482865
0.046031
0.0440111
0.0426927
0.0423033
0.0428494
0.0441418
0.0458361
0.0474685
0.0485512
0.048751
0.0480099
0.0465624
0.0449151
0.0437042
0.0421921
0.0474282
0.0523291
0.0548507
0.0551694
0.0545808
0.0540719
0.054269
0.0556152
0.0582399
0.0618063
0.0655976
0.068591
0.0697787
0.0685264
0.0647971
0.0592652
0.0532024
0.0480922
0.0451696
0.0431383
0.0500195
0.0568225
0.0615779
0.0649261
0.0683522
0.0727625
0.0787339
0.0864514
0.0953793
0.104082
0.110644
0.113154
0.110542
0.102732
0.0906793
0.0763632
0.0625306
0.0519075
0.0463523
0.0436875
0.0524535
0.0622071
0.0709164
0.0797206
0.0902794
0.103497
0.119725
0.138257
0.156727
0.171425
0.178737
0.176489
0.165014
0.146145
0.122424
0.0969499
0.0735443
0.0561257
0.0473899
0.043946
0.0545642
0.0679303
0.0819051
0.098049
0.118259
0.143533
0.173837
0.20682
0.236921
0.256787
0.260745
0.247709
0.221908
0.188874
0.152903
0.117061
0.0846899
0.0603562
0.0482926
0.0439382
0.0560502
0.073158
0.0928542
0.11691
0.147408
0.185517
0.230964
0.279681
0.322162
0.345896
0.342161
0.312511
0.268673
0.221013
0.175162
0.132681
0.0942846
0.0642161
0.0490687
0.0437199
0.0566821
0.0769952
0.101811
0.132678
0.171485
0.219403
0.276372
0.337836
0.391425
0.418477
0.404517
0.355759
0.294832
0.235893
0.184917
0.141167
0.101119
0.0673759
0.0497024
0.0433394
0.0562487
0.0787217
0.107145
0.142279
0.185214
0.236431
0.296011
0.36079
0.419753
0.449688
0.425523
0.363303
0.293319
0.230761
0.181038
0.141574
0.104537
0.0696725
0.0502012
0.0428882
0.0546886
0.0777094
0.107652
0.143856
0.186017
0.233236
0.284918
0.338943
0.387059
0.413272
0.387277
0.327689
0.262655
0.206769
0.165084
0.134517
0.10441
0.0709718
0.0505575
0.0424432
0.0521935
0.073856
0.103008
0.137195
0.174464
0.212408
0.249381
0.283827
0.310848
0.319134
0.298345
0.256615
0.209291
0.168844
0.140578
0.121774
0.101027
0.0712739
0.0507822
0.042098
0.049122
0.0675493
0.0936712
0.123459
0.153475
0.180263
0.201511
0.216271
0.223207
0.218411
0.200913
0.174738
0.147053
0.12494
0.111888
0.105832
0.0951182
0.070535
0.0508637
0.0419907
0.0460265
0.059784
0.0809566
0.104808
0.12699
0.143703
0.152641
0.153542
0.1475
0.13567
0.12025
0.104343
0.0912555
0.084085
0.0840892
0.089064
0.0874966
0.0686592
0.0507935
0.0423102
0.0435534
0.051974
0.0668588
0.0839502
0.0988505
0.108036
0.109641
0.10389
0.0927551
0.0791198
0.0659393
0.0559656
0.0512316
0.0530811
0.0613891
0.0737294
0.0790864
0.0658408
0.0505546
0.043289
0.0423017
0.0457238
0.0539688
0.0641183
0.0726365
0.0767527
0.0751511
0.0682001
0.057657
0.0461209
0.0361796
0.0300158
0.0292542
0.0348294
0.0463394
0.0615873
0.0707311
0.062343
0.0501474
0.0451294
0.0427027
0.0423157
0.0448208
0.0487597
0.0519824
0.052759
0.050303
0.0448924
0.0376428
0.0301773
0.0242489
0.0212846
0.022485
0.0286198
0.0394998
0.053551
0.0630576
0.0583749
0.0495777
0.0461039
0.0439312
0.0418994
0.0408948
0.0406084
0.0402274
0.0390462
0.0367622
0.0335388
0.0299067
0.0266092
0.0244838
0.0242668
0.026594
0.0318007
0.0397813
0.0496035
0.0564386
0.0541947
0.0488784
0.0456494
0.0454923
0.0440319
0.0424369
0.0409451
0.0395553
0.0382151
0.0369256
0.0357697
0.0349019
0.0345052
0.0347831
0.0359103
0.0379724
0.040918
0.0445586
0.0485536
0.0509933
0.0500959
0.0480954
0.0431358
0.0433465
0.0435579
0.0436189
0.0435329
0.0433822
0.0432443
0.0431669
0.0431789
0.0432914
0.0435058
0.0438158
0.0442089
0.0446691
0.0451716
0.0456911
0.0462116
0.0466199
0.0468603
0.0473999
)
;

boundaryField
{
    movingWall
    {
        type            zeroGradient;
    }
    fixedWalls
    {
        type            zeroGradient;
    }
    frontAndBack
    {
        type            empty;
    }
}


// ************************************************************************* //
