/*--------------------------------*- C++ -*----------------------------------*\
  =========                 |
  \\      /  F ield         | OpenFOAM: The Open Source CFD Toolbox
   \\    /   O peration     | Website:  https://openfoam.org
    \\  /    A nd           | Version:  11
     \\/     M anipulation  |
\*---------------------------------------------------------------------------*/
FoamFile
{
    format      ascii;
    class       volScalarField;
    location    "14.625";
    object      C;
}
// * * * * * * * * * * * * * * * * * * * * * * * * * * * * * * * * * * * * * //

dimensions      [0 0 0 0 0 0 0];

internalField   nonuniform List<scalar> 
400
(
0.0140303
0.0261015
0.0378426
0.0438574
0.0478456
0.0457754
0.0439543
0.0421328
0.0404523
0.0389146
0.0375205
0.0362756
0.0352048
0.0343841
0.0338292
0.0336
0.0337024
0.0341861
0.0350984
0.0364857
0.0306741
0.0341437
0.0426965
0.0475128
0.0474652
0.0435292
0.0393641
0.0349942
0.0309107
0.0273952
0.0246595
0.0228574
0.0220879
0.0223045
0.0234795
0.0254555
0.0278318
0.0300495
0.0314558
0.0317203
0.0351235
0.0402302
0.0481957
0.0507211
0.0470038
0.0402526
0.0326267
0.0248173
0.0177752
0.012163
0.00850182
0.00711043
0.00811824
0.0113679
0.0164035
0.0224653
0.0285063
0.0333361
0.0359235
0.0360869
0.0373752
0.0454824
0.054052
0.0546396
0.0479739
0.0376088
0.0251736
0.0122433
0.000782523
-0.00751826
-0.0114424
-0.0105149
-0.00500663
0.0039201
0.0145857
0.0250768
0.0337211
0.0393771
0.0415188
0.04075
0.0389
0.0505693
0.0610019
0.0610748
0.0525023
0.0384212
0.0205396
0.00175711
-0.0142807
-0.0243793
-0.0265181
-0.020256
-0.00686459
0.0104446
0.0275383
0.0407216
0.0481733
0.0503032
0.0485429
0.0447505
0.039916
0.0555095
0.0695325
0.0714719
0.0633005
0.0475998
0.026423
0.00398351
-0.0145412
-0.0246267
-0.0233068
-0.0099259
0.0129514
0.0390922
0.0610347
0.0730931
0.0738929
0.0669471
0.057272
0.0483546
0.0404473
0.0600037
0.0794398
0.0863252
0.0824832
0.0701656
0.0517276
0.0319404
0.0162699
0.00948791
0.0152331
0.0345828
0.0634128
0.093196
0.114203
0.119792
0.10901
0.0883971
0.0673512
0.0516204
0.0404296
0.0634296
0.0897384
0.104613
0.109683
0.107389
0.100491
0.0936451
0.0909545
0.094924
0.107176
0.127419
0.150028
0.170199
0.179654
0.172888
0.148221
0.112364
0.0781374
0.0545687
0.0399204
0.0651867
0.0987977
0.123652
0.141026
0.154006
0.166298
0.183026
0.206701
0.23459
0.258982
0.270683
0.266731
0.258949
0.244941
0.221578
0.18449
0.135809
0.0887794
0.0571673
0.0390179
0.0645944
0.104805
0.139806
0.170055
0.199101
0.231544
0.274391
0.332427
0.399464
0.444989
0.431819
0.38503
0.33739
0.294593
0.255289
0.211144
0.1557
0.0984929
0.0593972
0.0379856
0.0613585
0.10558
0.149042
0.189729
0.230599
0.275944
0.333332
0.409373
0.497849
0.566018
0.534453
0.455257
0.376986
0.313814
0.266345
0.223507
0.169537
0.106477
0.0612141
0.0370617
0.0558237
0.0998297
0.148202
0.194754
0.240189
0.286947
0.340687
0.407093
0.480431
0.525944
0.503919
0.434742
0.356913
0.294208
0.252126
0.219899
0.175693
0.112155
0.0626051
0.0365516
0.0488493
0.0876022
0.135825
0.182949
0.225995
0.264615
0.301403
0.340052
0.377757
0.394866
0.377409
0.332613
0.280574
0.239099
0.215495
0.202108
0.1738
0.114886
0.0635148
0.0368999
0.0419118
0.0708662
0.113092
0.15564
0.191748
0.218336
0.235515
0.245749
0.250178
0.244447
0.22709
0.202482
0.178832
0.164898
0.165256
0.174044
0.164452
0.113948
0.0638877
0.0387061
0.0368985
0.0533105
0.0841212
0.117446
0.1444
0.16006
0.163179
0.155727
0.141284
0.12325
0.105299
0.0918209
0.0867058
0.093535
0.113627
0.141361
0.149198
0.109362
0.0636387
0.0425147
0.0354322
0.039519
0.0558753
0.0764577
0.0930809
0.100525
0.0970496
0.0841185
0.0654489
0.0459252
0.0302157
0.0223602
0.025484
0.0419933
0.0720009
0.110274
0.130143
0.101515
0.0627442
0.049182
0.0388129
0.0334248
0.0361414
0.0432023
0.0492834
0.0504745
0.0452182
0.0342777
0.0201097
0.00616291
-0.00393762
-0.00720436
-0.000919443
0.0172278
0.0474731
0.0857879
0.109381
0.0908355
0.0612032
0.0531465
0.0442829
0.0354112
0.0297632
0.0268591
0.024678
0.0214159
0.0162473
0.00944138
0.00211724
-0.00409376
-0.00730139
-0.00574041
0.00233255
0.0181636
0.0417319
0.0704001
0.0886161
0.0780835
0.0591076
0.0518982
0.0503269
0.0445286
0.0384952
0.0331831
0.0287086
0.02491
0.0216948
0.0191642
0.0176121
0.017437
0.0191355
0.023194
0.0298809
0.0391605
0.0503983
0.0625932
0.0690652
0.0643524
0.0566081
0.0425352
0.0429421
0.0433974
0.0434327
0.0430591
0.0425363
0.0420946
0.0418625
0.0419103
0.0422595
0.0429085
0.0438385
0.0450159
0.046397
0.0479096
0.0494634
0.0510186
0.0521535
0.0527387
0.0542866
)
;

boundaryField
{
    movingWall
    {
        type            zeroGradient;
    }
    fixedWalls
    {
        type            zeroGradient;
    }
    frontAndBack
    {
        type            empty;
    }
}


// ************************************************************************* //
