/*--------------------------------*- C++ -*----------------------------------*\
  =========                 |
  \\      /  F ield         | OpenFOAM: The Open Source CFD Toolbox
   \\    /   O peration     | Website:  https://openfoam.org
    \\  /    A nd           | Version:  11
     \\/     M anipulation  |
\*---------------------------------------------------------------------------*/
FoamFile
{
    format      ascii;
    class       volScalarField;
    location    "13.375";
    object      C;
}
// * * * * * * * * * * * * * * * * * * * * * * * * * * * * * * * * * * * * * //

dimensions      [0 0 0 0 0 0 0];

internalField   nonuniform List<scalar> 
400
(
0.00975198
0.0204805
0.0384372
0.0411433
0.0568376
0.0655642
0.0684388
0.0682468
0.0662633
0.0633164
0.0599267
0.0564391
0.0531088
0.0502185
0.0478611
0.0462019
0.0453495
0.0455662
0.0471494
0.0502476
0.0246513
0.0323035
0.0427385
0.0567592
0.0743802
0.082955
0.0839484
0.0794593
0.0713639
0.0614694
0.0512945
0.0419949
0.034388
0.0288053
0.0254005
0.024139
0.024692
0.0266442
0.0294481
0.0324495
0.0309042
0.0389051
0.0550233
0.0798728
0.101483
0.111821
0.111996
0.103686
0.0891259
0.070874
0.0515337
0.0336633
0.019448
0.0102591
0.00633642
0.00704592
0.0110541
0.0167003
0.0222332
0.025961
0.0333362
0.0444252
0.0705063
0.105762
0.134503
0.150895
0.154531
0.145235
0.124141
0.0944511
0.0610646
0.0297242
0.00544235
-0.00903337
-0.0136029
-0.0102376
-0.00200199
0.00816
0.0177485
0.0240332
0.0342074
0.0486482
0.0842174
0.129399
0.167778
0.194063
0.205488
0.199108
0.174351
0.13466
0.0870829
0.0406721
0.00385223
-0.0181942
-0.0250089
-0.0205675
-0.010344
0.00199554
0.0144806
0.0233643
0.0343642
0.0503907
0.0923456
0.145229
0.192876
0.230387
0.253699
0.258035
0.240523
0.202015
0.147919
0.0882957
0.0354276
5.87651e-05
-0.0145767
-0.0144739
-0.00814836
0.000908285
0.0131671
0.0237426
0.0342035
0.0492041
0.0928822
0.14891
0.201839
0.248313
0.285887
0.310673
0.317488
0.300417
0.256138
0.189715
0.116448
0.0583347
0.0266235
0.0139781
0.00818606
0.00652018
0.0141308
0.0248031
0.034012
0.045405
0.0857894
0.139116
0.190761
0.239972
0.288815
0.338186
0.383694
0.411676
0.401815
0.341718
0.245254
0.155768
0.0981018
0.06461
0.0390876
0.0194629
0.0176345
0.0264268
0.0340063
0.0400176
0.0727954
0.118013
0.161561
0.204815
0.254663
0.3194
0.402247
0.489612
0.541091
0.506889
0.391299
0.272195
0.187374
0.130119
0.081254
0.0389516
0.023668
0.0285155
0.034396
0.034251
0.0566649
0.0903468
0.121213
0.151188
0.189008
0.247834
0.342419
0.475079
0.598346
0.608532
0.497549
0.371215
0.2723
0.19765
0.12846
0.0631543
0.0319387
0.0309679
0.0351432
0.0296038
0.0404895
0.0613557
0.0785841
0.092834
0.111452
0.147179
0.21964
0.343822
0.507839
0.565698
0.508911
0.416149
0.329013
0.2525
0.172936
0.0894871
0.0419971
0.0336934
0.0362047
0.0270557
0.0272496
0.0359198
0.0415395
0.0427294
0.0438867
0.054412
0.0927819
0.178879
0.303704
0.395303
0.419536
0.392214
0.342605
0.283447
0.207273
0.114949
0.0531988
0.0365916
0.0375098
0.0269835
0.0190456
0.0175458
0.0149142
0.00837711
-0.000504407
-0.00597032
0.00609062
0.0543027
0.138002
0.227718
0.291429
0.317904
0.31402
0.286083
0.226879
0.136459
0.0646797
0.0395543
0.0389297
0.029157
0.016708
0.007945
0.000156715
-0.00929323
-0.0207187
-0.0312872
-0.0321044
-0.00985979
0.0404518
0.108672
0.176243
0.228272
0.259028
0.264306
0.230541
0.151293
0.0750753
0.0424578
0.0401754
0.0327929
0.0196795
0.00711107
-0.00354389
-0.0133979
-0.023386
-0.0326908
-0.0368963
-0.0285225
-0.0020584
0.0413168
0.0948449
0.149741
0.197975
0.228286
0.220043
0.157846
0.0830112
0.045177
0.0412769
0.0368683
0.026117
0.0133692
0.00188556
-0.00765073
-0.0157202
-0.0224156
-0.0261566
-0.023544
-0.0107497
0.0143135
0.0513202
0.0977427
0.148111
0.189704
0.199534
0.155569
0.0873888
0.0475215
0.040791
0.0402094
0.0337991
0.0239996
0.0140083
0.00549114
-0.00119833
-0.0060617
-0.00860669
-0.00741401
-0.000286946
0.0151232
0.040413
0.0758456
0.118149
0.156807
0.173048
0.14423
0.0870499
0.0492631
0.032584
0.0399369
0.0399865
0.0356485
0.0297929
0.0242466
0.0199123
0.0172556
0.0167151
0.0190459
0.0253345
0.0369494
0.0547613
0.0784654
0.105858
0.13036
0.141898
0.123091
0.0809447
0.0502029
0.0233853
0.037089
0.0422381
0.0439613
0.0440357
0.0436569
0.0436172
0.0444382
0.046489
0.0500863
0.0554871
0.0628701
0.072217
0.0827118
0.0933973
0.100906
0.103146
0.0909749
0.0682564
0.0501533
0.0198873
0.0245352
0.0292926
0.0333016
0.0364584
0.0389498
0.0410168
0.0428577
0.0445958
0.0462978
0.0479802
0.0496153
0.0511568
0.0524917
0.0535392
0.0541556
0.0543924
0.0534387
0.0519752
0.0492223
)
;

boundaryField
{
    movingWall
    {
        type            zeroGradient;
    }
    fixedWalls
    {
        type            zeroGradient;
    }
    frontAndBack
    {
        type            empty;
    }
}


// ************************************************************************* //
