/*--------------------------------*- C++ -*----------------------------------*\
  =========                 |
  \\      /  F ield         | OpenFOAM: The Open Source CFD Toolbox
   \\    /   O peration     | Website:  https://openfoam.org
    \\  /    A nd           | Version:  11
     \\/     M anipulation  |
\*---------------------------------------------------------------------------*/
FoamFile
{
    format      ascii;
    class       volScalarField;
    location    "17.125";
    object      C;
}
// * * * * * * * * * * * * * * * * * * * * * * * * * * * * * * * * * * * * * //

dimensions      [0 0 0 0 0 0 0];

internalField   nonuniform List<scalar> 
400
(
0.0215389
0.0308511
0.0469456
0.0422563
0.0384063
0.0377992
0.0382666
0.0393536
0.0407496
0.0422636
0.0437689
0.0451671
0.0463632
0.0472313
0.0477337
0.0477886
0.0474127
0.0465874
0.0453642
0.0438342
0.0345315
0.0415386
0.0441622
0.0391237
0.0377611
0.0398306
0.0439953
0.0495222
0.0555548
0.0613114
0.0661458
0.0695479
0.0711532
0.070894
0.0688065
0.0650943
0.0603838
0.0555109
0.0515743
0.0494449
0.0404555
0.0439164
0.0403643
0.036712
0.0386858
0.045275
0.0553968
0.0676603
0.0804183
0.0920771
0.101156
0.106477
0.107323
0.103664
0.0959059
0.0850931
0.072881
0.0613595
0.0527842
0.0487615
0.0429195
0.0428993
0.0367896
0.0347411
0.0397862
0.0511259
0.0678652
0.0882327
0.109676
0.129183
0.143685
0.150825
0.149517
0.140235
0.124581
0.105172
0.084963
0.0668348
0.0535621
0.0473186
0.0439127
0.0410956
0.0334363
0.0319993
0.0387694
0.0536981
0.076495
0.105394
0.136814
0.165697
0.186585
0.195189
0.189856
0.172091
0.146223
0.11787
0.0915522
0.0695997
0.0536227
0.0461459
0.0443968
0.0394853
0.030142
0.0277384
0.034109
0.0503943
0.0776114
0.114723
0.157458
0.198356
0.22831
0.239424
0.228336
0.198289
0.158675
0.120362
0.0901115
0.0681617
0.052392
0.0449924
0.0447729
0.0384278
0.0270563
0.0221582
0.0258829
0.0409397
0.0705316
0.115537
0.171949
0.229676
0.273927
0.290187
0.271538
0.224559
0.166558
0.115685
0.0818969
0.0627923
0.0499482
0.0438621
0.0451888
0.0381407
0.0246455
0.0163166
0.015818
0.027654
0.057996
0.110941
0.183983
0.264312
0.328909
0.352626
0.323374
0.255166
0.175398
0.109367
0.0704246
0.0547162
0.0465754
0.0427577
0.0456618
0.0387122
0.0235063
0.0117133
0.00662485
0.0145036
0.0447054
0.105195
0.196044
0.302469
0.391435
0.422327
0.37812
0.287356
0.186774
0.105679
0.0596229
0.0457551
0.0426998
0.0416955
0.0461289
0.0402286
0.0241259
0.00975821
0.00101247
0.00545579
0.034892
0.100457
0.205386
0.335522
0.447356
0.479387
0.420019
0.312494
0.198082
0.105941
0.0521745
0.0375408
0.0387857
0.040708
0.0465331
0.0425017
0.0269194
0.0113838
0.000740447
0.00313699
0.0312439
0.0970626
0.204238
0.338405
0.46147
0.491384
0.430238
0.321548
0.205406
0.109187
0.049151
0.0312577
0.035214
0.0398195
0.0468044
0.0451932
0.0318211
0.0167959
0.00621513
0.0081468
0.0343417
0.0952339
0.192385
0.310374
0.410817
0.4438
0.401596
0.310739
0.206025
0.113517
0.050178
0.0275551
0.0322987
0.0390531
0.046834
0.047863
0.038285
0.0255372
0.016677
0.0192975
0.0429459
0.0950549
0.17467
0.267386
0.343619
0.374386
0.350575
0.284751
0.199765
0.116812
0.0535765
0.0266098
0.0302993
0.0384296
0.0464598
0.0499563
0.0452348
0.0364083
0.03048
0.0343142
0.0548856
0.0965292
0.15684
0.224407
0.2802
0.306677
0.295996
0.252276
0.187902
0.117669
0.0577733
0.0278405
0.0295036
0.0379724
0.0454448
0.0508351
0.0511881
0.0474787
0.0453194
0.0504692
0.0676813
0.0990193
0.141872
0.188406
0.227438
0.248437
0.245254
0.217742
0.171213
0.114578
0.0610593
0.0305021
0.0299005
0.0377185
0.0434513
0.0500247
0.0546314
0.056242
0.0582469
0.0647493
0.0787541
0.101068
0.129634
0.1597
0.185065
0.199716
0.199297
0.182111
0.149599
0.106357
0.0620316
0.033842
0.0313155
0.0376851
0.0404082
0.0472077
0.0543701
0.0601091
0.06571
0.0733445
0.0845708
0.0996009
0.117148
0.134692
0.149085
0.157201
0.156369
0.144919
0.122975
0.0925883
0.0598814
0.0371619
0.033511
0.0378735
0.0395234
0.0440273
0.0507663
0.0578017
0.0648598
0.0724291
0.0809079
0.0901723
0.099546
0.107902
0.113947
0.116299
0.113872
0.105804
0.092333
0.0742343
0.0545667
0.0397783
0.0361031
0.0382532
0.0414743
0.041915
0.045538
0.0502035
0.0551802
0.0600946
0.0647223
0.0688442
0.0721926
0.0744572
0.0753573
0.0746026
0.0720432
0.0676232
0.061716
0.0545247
0.047013
0.040912
0.0385259
0.0387687
0.0445969
0.0440636
0.0437376
0.0438632
0.0443374
0.0449383
0.0454869
0.045883
0.0460701
0.0460314
0.0457729
0.0453157
0.0446961
0.0439451
0.0431203
0.0422482
0.0413865
0.0406017
0.0399643
0.0392554
)
;

boundaryField
{
    movingWall
    {
        type            zeroGradient;
    }
    fixedWalls
    {
        type            zeroGradient;
    }
    frontAndBack
    {
        type            empty;
    }
}


// ************************************************************************* //
