/*--------------------------------*- C++ -*----------------------------------*\
  =========                 |
  \\      /  F ield         | OpenFOAM: The Open Source CFD Toolbox
   \\    /   O peration     | Website:  https://openfoam.org
    \\  /    A nd           | Version:  11
     \\/     M anipulation  |
\*---------------------------------------------------------------------------*/
FoamFile
{
    format      ascii;
    class       volScalarField;
    location    "10.875";
    object      C;
}
// * * * * * * * * * * * * * * * * * * * * * * * * * * * * * * * * * * * * * //

dimensions      [0 0 0 0 0 0 0];

internalField   nonuniform List<scalar> 
400
(
-0.000413692
0.0139088
0.0581347
-0.00631388
0.000387348
0.000461632
0.00178262
0.0054035
0.0120372
0.0227375
0.0378318
0.056896
0.0783075
0.0986165
0.115179
0.125068
0.126879
0.120138
0.106122
0.0870739
0.0234408
0.0444515
0.021138
-0.00542074
0.00104111
0.00163386
0.00634088
0.0164861
0.034396
0.0613679
0.0965824
0.13671
0.176062
0.208375
0.224338
0.216742
0.185139
0.140206
0.104386
0.100005
0.0460991
0.0360358
0.00229941
-0.00279621
0.000756826
-0.000233991
0.000249414
0.00226392
0.00917311
0.0257429
0.0569626
0.104939
0.16486
0.221898
0.254873
0.243491
0.1819
0.0897314
0.00860407
-0.0256924
0.0533686
0.0234691
-0.00397043
-0.00063003
0.000285536
-0.00245991
-0.00739708
-0.0152417
-0.0211998
-0.0155612
0.0143095
0.0767884
0.166711
0.26091
0.323014
0.318312
0.237058
0.111373
0.00672566
-0.0290603
0.0553868
0.0149834
-0.00526877
0.000752793
0.000468215
-0.00240125
-0.00903344
-0.0199874
-0.0288358
-0.0215874
0.0195866
0.104565
0.221768
0.334834
0.396985
0.375706
0.270277
0.122029
0.00964837
-0.0094931
0.0569112
0.0104562
-0.00530678
0.00139826
0.000688732
-0.00165383
-0.00839957
-0.0200931
-0.0276106
-0.0094712
0.0593932
0.183266
0.326539
0.42765
0.444807
0.379151
0.254706
0.107254
0.00195811
-0.00336902
0.0593922
0.00856396
-0.00550135
0.00141088
0.000715682
-0.00067388
-0.00713118
-0.0202586
-0.0268561
0.00758978
0.11945
0.296694
0.455079
0.502091
0.436029
0.31775
0.194354
0.077338
-0.00382765
-0.000575193
0.0634559
0.00872456
-0.00617436
0.00127316
0.0013413
0.00207615
-0.00275726
-0.0176175
-0.0249992
0.0294599
0.19931
0.436514
0.574385
0.516326
0.355864
0.206795
0.109624
0.0406185
-0.00667623
0.000454838
0.0690918
0.0109731
-0.00695013
0.00162294
0.00285411
0.0043523
-0.00421631
-0.0326183
-0.052372
0.031816
0.296566
0.605392
0.649729
0.450996
0.224977
0.0869642
0.0328124
0.00953127
-0.00677323
0.000638873
0.07656
0.0158018
-0.0077323
0.002879
0.00404388
0.00188266
-0.0142303
-0.0482403
-0.0513887
0.0921319
0.447155
0.793927
0.645242
0.319385
0.0876032
-0.00212082
-0.0134038
-0.00790796
-0.00499721
0.000521721
0.0852241
0.0247218
-0.00854993
0.00286172
0.00390473
-0.00517761
-0.0238333
-0.0326196
0.0400448
0.291451
0.803879
0.883013
0.536867
0.16641
-0.0138658
-0.0438254
-0.0262228
-0.0113459
-0.00249947
0.000336352
0.0947172
0.0390297
-0.0083805
-0.00290153
-0.000963621
-0.0129903
-0.0208549
0.0213225
0.179034
0.470113
0.764235
0.697095
0.349943
0.0482892
-0.0590155
-0.0467609
-0.0183743
-0.00630883
-0.000288569
0.000186229
0.103767
0.0607764
-0.00180262
-0.0146146
-0.0149158
-0.019918
-0.00129912
0.0945091
0.295927
0.542543
0.650793
0.493422
0.20579
0.00015047
-0.0560569
-0.0317359
-0.00596827
0.000150953
0.00104767
0.000106039
0.106599
0.0903831
0.023188
-0.0166198
-0.0284701
-0.0215545
0.029997
0.1622
0.3616
0.535173
0.553924
0.395149
0.171312
0.014522
-0.0338041
-0.0190401
6.21901e-05
0.0034106
0.00142052
9.52646e-05
0.0881252
0.117563
0.0744233
0.0203514
-0.00648436
0.00706073
0.0798301
0.219368
0.385509
0.493213
0.471806
0.331588
0.154789
0.0274801
-0.0203646
-0.0158035
-0.001152
0.00298805
0.00113431
0.000140791
0.0387095
0.119105
0.132136
0.101994
0.0793048
0.0961872
0.16716
0.280622
0.391523
0.440681
0.395633
0.27505
0.134846
0.0308919
-0.0143495
-0.0160905
-0.00459083
0.000993731
0.000683563
0.000221958
-0.00880764
0.0840959
0.150293
0.173543
0.183914
0.210419
0.263
0.32762
0.373065
0.369473
0.308174
0.207788
0.103209
0.0265557
-0.00917656
-0.0133184
-0.00565351
-0.000399819
0.0003991
0.000284011
-0.0138466
0.0377891
0.107683
0.162615
0.202323
0.235723
0.265175
0.283233
0.278651
0.245039
0.18669
0.117414
0.0549631
0.0123771
-0.00701915
-0.00919625
-0.00449958
-0.000779776
0.000177165
0.000250208
-0.00482894
0.00403509
0.0363839
0.0717132
0.101227
0.121264
0.130075
0.126583
0.111201
0.0867258
0.0581558
0.031086
0.0101787
-0.00229174
-0.00691652
-0.00630043
-0.00358445
-0.00139946
-0.000477876
4.72216e-05
0.000434932
-0.00179669
-0.00174937
0.000788955
0.00412828
0.00643595
0.00678854
0.00521929
0.00232026
-0.00104995
-0.00410419
-0.00631744
-0.00748346
-0.00765825
-0.0070578
-0.00594825
-0.00458782
-0.00319237
-0.0017856
-0.000300128
)
;

boundaryField
{
    movingWall
    {
        type            zeroGradient;
    }
    fixedWalls
    {
        type            zeroGradient;
    }
    frontAndBack
    {
        type            empty;
    }
}


// ************************************************************************* //
