/*--------------------------------*- C++ -*----------------------------------*\
  =========                 |
  \\      /  F ield         | OpenFOAM: The Open Source CFD Toolbox
   \\    /   O peration     | Website:  https://openfoam.org
    \\  /    A nd           | Version:  11
     \\/     M anipulation  |
\*---------------------------------------------------------------------------*/
FoamFile
{
    format      ascii;
    class       volScalarField;
    location    "16.75";
    object      C;
}
// * * * * * * * * * * * * * * * * * * * * * * * * * * * * * * * * * * * * * //

dimensions      [0 0 0 0 0 0 0];

internalField   nonuniform List<scalar> 
400
(
0.0205305
0.029891
0.0442101
0.048633
0.0487973
0.0467541
0.0450023
0.0433589
0.0419236
0.040703
0.0397003
0.0389159
0.0383613
0.0380873
0.0380595
0.0382709
0.0386609
0.0392
0.0398824
0.0407562
0.0333902
0.0395961
0.0475685
0.0487156
0.0462437
0.042204
0.0381708
0.0344392
0.0314632
0.0294905
0.028628
0.0288641
0.0300725
0.0319507
0.0342101
0.0364657
0.0382826
0.0392902
0.0393327
0.0386812
0.038522
0.0453478
0.0494952
0.0475745
0.0421523
0.0353524
0.0285819
0.0228008
0.0188843
0.0173323
0.0183286
0.0216711
0.026804
0.0328437
0.0387023
0.0433025
0.0458542
0.0461135
0.0446092
0.0426929
0.0413475
0.0487652
0.0508169
0.0464681
0.0382417
0.0282794
0.018244
0.00995261
0.00518698
0.00514737
0.010179
0.0195388
0.0315219
0.043691
0.053537
0.0591031
0.0596484
0.0559709
0.0502603
0.0456358
0.0430751
0.0514075
0.0527535
0.0469416
0.0364796
0.0235171
0.0103361
6.18982e-05
-0.00414443
-0.000244041
0.011921
0.0303972
0.0515004
0.0705256
0.0831364
0.0866979
0.0812882
0.0697893
0.0568878
0.0479375
0.0441489
0.0539525
0.0560717
0.0503318
0.0392034
0.0249614
0.0107607
0.00115004
0.000500574
0.0112053
0.032652
0.061125
0.0905324
0.113923
0.125733
0.123484
0.108649
0.0864306
0.0641813
0.0498736
0.0447714
0.0565493
0.0609809
0.0574372
0.048457
0.0366658
0.0261246
0.0223819
0.0301051
0.0508477
0.0821547
0.11791
0.14966
0.170072
0.174691
0.162834
0.137213
0.103833
0.0715424
0.0515029
0.0449645
0.058989
0.0671537
0.0681385
0.0647972
0.0603919
0.0598236
0.069071
0.0918944
0.127113
0.168152
0.204886
0.227164
0.232617
0.221554
0.196889
0.161666
0.119527
0.0783374
0.0528526
0.044775
0.060935
0.0737835
0.0812031
0.0865032
0.0937162
0.108482
0.137002
0.181659
0.236955
0.288267
0.317018
0.314442
0.292214
0.258155
0.219262
0.177719
0.131457
0.0839693
0.0539041
0.0441824
0.0619514
0.079801
0.094556
0.109851
0.130189
0.161335
0.209604
0.277505
0.3569
0.419483
0.428174
0.390667
0.335208
0.277116
0.226149
0.182972
0.138254
0.0880902
0.0546719
0.0433298
0.0615233
0.0837853
0.105555
0.130072
0.1616
0.204864
0.264841
0.343103
0.43028
0.499383
0.489216
0.425635
0.3464
0.27284
0.216509
0.177124
0.139332
0.0903959
0.0551448
0.0423047
0.0594452
0.0844795
0.111692
0.142803
0.180899
0.228617
0.288099
0.358493
0.429702
0.474188
0.460212
0.397964
0.317219
0.24388
0.192043
0.161733
0.134833
0.0908191
0.0553427
0.0412079
0.055786
0.0810668
0.111083
0.145154
0.18434
0.228823
0.277724
0.328014
0.371232
0.389621
0.370623
0.319293
0.254045
0.19529
0.156587
0.139738
0.125752
0.0892471
0.0552483
0.0402412
0.0510432
0.0736473
0.103078
0.136268
0.171914
0.208127
0.242131
0.270279
0.287318
0.285904
0.263061
0.223327
0.177425
0.138506
0.116742
0.114475
0.113355
0.085547
0.054849
0.0397648
0.0461128
0.0633862
0.088557
0.117292
0.146352
0.172586
0.192732
0.203875
0.203778
0.191297
0.167761
0.137684
0.107882
0.0863999
0.0797331
0.0896671
0.0991576
0.0800988
0.0541152
0.0403906
0.0422522
0.0526308
0.0704694
0.0917192
0.11243
0.129145
0.139049
0.14039
0.132784
0.117466
0.0970955
0.0754769
0.0573729
0.0480338
0.0514816
0.0687351
0.0846864
0.0734014
0.0530622
0.0433696
0.0410422
0.0443101
0.0533457
0.0653306
0.0769562
0.0853983
0.0886879
0.086
0.0776733
0.0652028
0.0509358
0.0376362
0.0284488
0.0268392
0.0352645
0.0540871
0.0712398
0.0659006
0.051718
0.0462672
0.0421335
0.0404793
0.0419662
0.0453394
0.0487729
0.0506848
0.0500758
0.0466938
0.0409541
0.0338584
0.0267943
0.0213939
0.0194274
0.0225314
0.0317341
0.0467526
0.0598151
0.0581757
0.0501621
0.0463958
0.0448742
0.0423246
0.040369
0.0390228
0.0379068
0.036636
0.0350036
0.0330299
0.0309405
0.0291042
0.0279858
0.0280867
0.0298193
0.0333857
0.0388082
0.0457275
0.0510679
0.0509174
0.0485055
0.0413655
0.0412895
0.0412769
0.0411215
0.0408038
0.0404134
0.0400393
0.0397402
0.0395631
0.0395387
0.0396892
0.0400262
0.0405472
0.0412435
0.0420813
0.0430176
0.04402
0.0449286
0.0455701
0.0471009
)
;

boundaryField
{
    movingWall
    {
        type            zeroGradient;
    }
    fixedWalls
    {
        type            zeroGradient;
    }
    frontAndBack
    {
        type            empty;
    }
}


// ************************************************************************* //
