/*--------------------------------*- C++ -*----------------------------------*\
  =========                 |
  \\      /  F ield         | OpenFOAM: The Open Source CFD Toolbox
   \\    /   O peration     | Website:  https://openfoam.org
    \\  /    A nd           | Version:  11
     \\/     M anipulation  |
\*---------------------------------------------------------------------------*/
FoamFile
{
    format      ascii;
    class       volScalarField;
    location    "13.5";
    object      C;
}
// * * * * * * * * * * * * * * * * * * * * * * * * * * * * * * * * * * * * * //

dimensions      [0 0 0 0 0 0 0];

internalField   nonuniform List<scalar> 
400
(
4.02436e-81
2.52572e-76
1.41102e-71
6.90712e-67
2.90216e-62
1.01759e-57
2.85843e-53
6.03052e-49
8.4939e-45
5.99049e-41
5.99049e-41
8.49268e-45
6.02858e-49
2.8569e-53
1.0168e-57
2.89908e-62
6.8976e-67
1.40858e-71
2.5204e-76
4.01421e-81
2.52572e-76
1.58738e-71
8.88044e-67
4.35317e-62
1.83164e-57
6.43135e-53
1.80911e-48
3.82212e-44
5.39099e-40
3.80747e-36
3.80747e-36
5.39039e-40
3.82114e-44
1.80834e-48
6.42727e-53
1.83005e-57
4.34824e-62
8.86775e-67
1.58459e-71
2.5204e-76
1.41102e-71
8.88044e-67
4.97505e-62
2.44218e-57
1.02901e-52
3.61821e-48
1.01922e-43
2.15635e-39
3.04576e-35
2.15416e-31
2.15416e-31
3.04551e-35
2.15593e-39
1.01888e-43
3.6164e-48
1.0283e-52
2.43995e-57
4.96929e-62
8.86775e-67
1.40858e-71
6.90712e-67
4.35317e-62
2.44218e-57
1.20051e-52
5.06548e-48
1.78363e-43
5.03143e-39
1.06599e-34
1.50781e-30
1.06793e-26
1.06793e-26
1.50772e-30
1.06584e-34
5.03017e-39
1.78295e-43
5.06276e-48
1.19966e-52
2.43995e-57
4.34824e-62
6.8976e-67
2.90216e-62
1.83164e-57
1.02901e-52
5.06548e-48
2.14035e-43
7.54712e-39
2.13197e-34
4.52334e-30
6.40715e-26
4.5444e-22
4.5444e-22
6.40689e-26
4.52288e-30
2.13159e-34
7.54501e-39
2.1395e-43
5.06276e-48
1.0283e-52
1.83005e-57
2.89908e-62
1.01759e-57
6.43135e-53
3.61821e-48
1.78363e-43
7.54712e-39
2.66496e-34
7.53884e-30
1.60176e-25
2.27205e-21
1.61379e-17
1.61379e-17
2.27199e-21
1.60165e-25
7.53793e-30
2.66445e-34
7.54501e-39
1.78295e-43
3.6164e-48
6.42727e-53
1.0168e-57
2.85843e-53
1.80911e-48
1.01922e-43
5.03143e-39
2.13197e-34
7.53884e-30
2.13566e-25
4.54402e-21
6.45474e-17
4.59118e-13
4.59118e-13
6.45466e-17
4.54386e-21
2.13551e-25
7.53793e-30
2.13159e-34
5.03017e-39
1.01888e-43
1.80834e-48
2.8569e-53
6.03052e-49
3.82212e-44
2.15635e-39
1.06599e-34
4.52334e-30
1.60176e-25
4.54402e-21
9.68199e-17
1.37727e-12
9.81033e-09
9.81033e-09
1.37727e-12
9.68183e-17
4.54386e-21
1.60165e-25
4.52288e-30
1.06584e-34
2.15593e-39
3.82114e-44
6.02858e-49
8.4939e-45
5.39099e-40
3.04576e-35
1.50781e-30
6.40715e-26
2.27205e-21
6.45474e-17
1.37727e-12
1.96197e-08
0.000139951
0.000139951
1.96197e-08
1.37727e-12
6.45466e-17
2.27199e-21
6.40689e-26
1.50772e-30
3.04551e-35
5.39039e-40
8.49268e-45
5.99049e-41
3.80747e-36
2.15416e-31
1.06793e-26
4.5444e-22
1.61379e-17
4.59118e-13
9.81033e-09
0.000139951
0.99972
0.99972
0.000139951
9.81033e-09
4.59118e-13
1.61379e-17
4.5444e-22
1.06793e-26
2.15416e-31
3.80747e-36
5.99049e-41
5.99049e-41
3.80747e-36
2.15416e-31
1.06793e-26
4.5444e-22
1.61379e-17
4.59118e-13
9.81033e-09
0.000139951
0.99972
0.99972
0.000139951
9.81033e-09
4.59118e-13
1.61379e-17
4.5444e-22
1.06793e-26
2.15416e-31
3.80747e-36
5.99049e-41
8.49268e-45
5.39039e-40
3.04551e-35
1.50772e-30
6.40689e-26
2.27199e-21
6.45466e-17
1.37727e-12
1.96197e-08
0.000139951
0.000139951
1.96197e-08
1.37727e-12
6.45474e-17
2.27205e-21
6.40715e-26
1.50781e-30
3.04576e-35
5.39099e-40
8.4939e-45
6.02858e-49
3.82114e-44
2.15593e-39
1.06584e-34
4.52288e-30
1.60165e-25
4.54386e-21
9.68183e-17
1.37727e-12
9.81033e-09
9.81033e-09
1.37727e-12
9.68199e-17
4.54402e-21
1.60176e-25
4.52334e-30
1.06599e-34
2.15635e-39
3.82212e-44
6.03052e-49
2.8569e-53
1.80834e-48
1.01888e-43
5.03017e-39
2.13159e-34
7.53793e-30
2.13551e-25
4.54386e-21
6.45466e-17
4.59118e-13
4.59118e-13
6.45474e-17
4.54402e-21
2.13566e-25
7.53884e-30
2.13197e-34
5.03143e-39
1.01922e-43
1.80911e-48
2.85843e-53
1.0168e-57
6.42727e-53
3.6164e-48
1.78295e-43
7.54501e-39
2.66445e-34
7.53793e-30
1.60165e-25
2.27199e-21
1.61379e-17
1.61379e-17
2.27205e-21
1.60176e-25
7.53884e-30
2.66496e-34
7.54712e-39
1.78363e-43
3.61821e-48
6.43135e-53
1.01759e-57
2.89908e-62
1.83005e-57
1.0283e-52
5.06276e-48
2.1395e-43
7.54501e-39
2.13159e-34
4.52288e-30
6.40689e-26
4.5444e-22
4.5444e-22
6.40715e-26
4.52334e-30
2.13197e-34
7.54712e-39
2.14035e-43
5.06548e-48
1.02901e-52
1.83164e-57
2.90216e-62
6.8976e-67
4.34824e-62
2.43995e-57
1.19966e-52
5.06276e-48
1.78295e-43
5.03017e-39
1.06584e-34
1.50772e-30
1.06793e-26
1.06793e-26
1.50781e-30
1.06599e-34
5.03143e-39
1.78363e-43
5.06548e-48
1.20051e-52
2.44218e-57
4.35317e-62
6.90712e-67
1.40858e-71
8.86775e-67
4.96929e-62
2.43995e-57
1.0283e-52
3.6164e-48
1.01888e-43
2.15593e-39
3.04551e-35
2.15416e-31
2.15416e-31
3.04576e-35
2.15635e-39
1.01922e-43
3.61821e-48
1.02901e-52
2.44218e-57
4.97505e-62
8.88044e-67
1.41102e-71
2.5204e-76
1.58459e-71
8.86775e-67
4.34824e-62
1.83005e-57
6.42727e-53
1.80834e-48
3.82114e-44
5.39039e-40
3.80747e-36
3.80747e-36
5.39099e-40
3.82212e-44
1.80911e-48
6.43135e-53
1.83164e-57
4.35317e-62
8.88044e-67
1.58738e-71
2.52572e-76
4.01421e-81
2.5204e-76
1.40858e-71
6.8976e-67
2.89908e-62
1.0168e-57
2.8569e-53
6.02858e-49
8.49268e-45
5.99049e-41
5.99049e-41
8.4939e-45
6.03052e-49
2.85843e-53
1.01759e-57
2.90216e-62
6.90712e-67
1.41102e-71
2.52572e-76
4.02436e-81
)
;

boundaryField
{
    movingWall
    {
        type            zeroGradient;
    }
    fixedWalls
    {
        type            zeroGradient;
    }
    frontAndBack
    {
        type            empty;
    }
}


// ************************************************************************* //
