/*--------------------------------*- C++ -*----------------------------------*\
  =========                 |
  \\      /  F ield         | OpenFOAM: The Open Source CFD Toolbox
   \\    /   O peration     | Website:  https://openfoam.org
    \\  /    A nd           | Version:  11
     \\/     M anipulation  |
\*---------------------------------------------------------------------------*/
FoamFile
{
    format      ascii;
    class       volScalarField;
    location    "14.875";
    object      C;
}
// * * * * * * * * * * * * * * * * * * * * * * * * * * * * * * * * * * * * * //

dimensions      [0 0 0 0 0 0 0];

internalField   nonuniform List<scalar> 
400
(
0.0149207
0.0261404
0.0424805
0.0446069
0.039804
0.036679
0.0346174
0.0331843
0.0323761
0.0321117
0.0323375
0.0329925
0.0340037
0.035262
0.0366107
0.0378391
0.0387224
0.0389708
0.0383657
0.0369176
0.0303929
0.0372259
0.0440265
0.0405498
0.0346546
0.0303591
0.0274991
0.0263913
0.0272451
0.0299701
0.0342626
0.0396355
0.0454319
0.0508996
0.0552866
0.0577914
0.0579372
0.0556543
0.0516872
0.0476095
0.0362593
0.0424296
0.0421688
0.0347833
0.0273082
0.0217268
0.0187369
0.0192371
0.0236066
0.0316824
0.0427811
0.0556439
0.068526
0.0794593
0.0864144
0.0878371
0.0832972
0.0740076
0.0632015
0.0555493
0.0393692
0.0440718
0.0389856
0.0286892
0.0190792
0.0116696
0.00811211
0.0102192
0.019151
0.0349676
0.0563167
0.0803561
0.103188
0.120663
0.129209
0.126852
0.113943
0.0936039
0.0720353
0.0577759
0.0412137
0.0445665
0.0361024
0.0230916
0.0105772
0.000375413
-0.00450804
-0.000622537
0.014494
0.0410749
0.0763576
0.114666
0.148727
0.171543
0.178645
0.16933
0.146088
0.11375
0.0804203
0.058813
0.0424408
0.0451836
0.0344498
0.0188124
0.00290359
-0.0107163
-0.0172614
-0.0111288
0.0117613
0.0517541
0.103868
0.157909
0.201474
0.224547
0.224301
0.204633
0.171669
0.130213
0.0871044
0.0591318
0.0433602
0.0464659
0.0346251
0.0169459
-0.00187858
-0.0182455
-0.0253529
-0.0152277
0.0180262
0.0746822
0.146125
0.214872
0.261113
0.274025
0.257447
0.223983
0.184212
0.139836
0.0912691
0.0589287
0.0440262
0.0485815
0.0370533
0.0186999
-0.00116094
-0.0175814
-0.0216355
-0.00300983
0.0457847
0.123964
0.216522
0.294549
0.32923
0.316717
0.273672
0.223572
0.180705
0.140723
0.0924553
0.0583047
0.0444373
0.0514277
0.0419098
0.0249639
0.00713714
-0.0049553
-0.00029569
0.0333987
0.104445
0.209478
0.322998
0.398451
0.400665
0.347643
0.271839
0.204912
0.162426
0.133016
0.090584
0.0572961
0.0444244
0.0547695
0.0490407
0.0358719
0.0234928
0.0200828
0.038066
0.0907713
0.187287
0.321973
0.451863
0.502551
0.455587
0.357307
0.251948
0.172688
0.133566
0.118235
0.0860792
0.0559985
0.0440102
0.0578357
0.0578031
0.050608
0.0462213
0.053937
0.085816
0.153392
0.262503
0.403316
0.536721
0.551222
0.464133
0.336078
0.215541
0.132873
0.0996413
0.0987251
0.0794151
0.0544633
0.043131
0.0598192
0.0668048
0.0672619
0.0718688
0.0902411
0.13205
0.204051
0.30543
0.420499
0.505526
0.50046
0.410559
0.283539
0.167695
0.0916325
0.0661171
0.0771595
0.0713018
0.0527739
0.0416815
0.0599098
0.0740303
0.0829928
0.0961218
0.122234
0.167556
0.23319
0.3122
0.387034
0.425191
0.401281
0.320894
0.214705
0.117884
0.054427
0.0369964
0.0564128
0.0623871
0.0509729
0.0396266
0.0575349
0.0772479
0.0942886
0.114476
0.14449
0.187328
0.240132
0.293452
0.332463
0.339286
0.304981
0.236431
0.152801
0.0768133
0.0264149
0.0147969
0.0385647
0.0534525
0.0491135
0.0371571
0.0525729
0.0746405
0.0974652
0.122435
0.15296
0.189582
0.228097
0.260121
0.275605
0.266447
0.2306
0.174081
0.10898
0.0497433
0.00948646
0.00086604
0.0250359
0.0454334
0.0472355
0.0351146
0.045995
0.0661169
0.0902964
0.116477
0.144629
0.173532
0.199395
0.216581
0.21952
0.205065
0.17369
0.129478
0.079877
0.0341743
0.00216267
-0.00495972
0.0166121
0.0390179
0.0454249
0.0365559
0.0403834
0.0539838
0.073729
0.0960209
0.118525
0.139007
0.154634
0.162376
0.159805
0.146045
0.122171
0.0907936
0.056084
0.0239057
0.00118976
-0.00371495
0.0136687
0.0347671
0.043776
0.0439724
0.0389991
0.0432306
0.0537313
0.0670242
0.0803184
0.0914171
0.0984942
0.100249
0.0959811
0.0858385
0.0706783
0.0523019
0.0331055
0.0160727
0.00492567
0.00382621
0.0164823
0.0331704
0.042389
0.0501494
0.0414993
0.0389871
0.0400379
0.0429637
0.0462117
0.0486058
0.0493994
0.0482481
0.0451477
0.0404039
0.0345155
0.028185
0.0223635
0.0178639
0.0161348
0.0178546
0.02522
0.0346181
0.0413771
0.050997
0.0483667
0.0457309
0.0435595
0.0419101
0.0406462
0.0396022
0.0386636
0.037786
0.0369709
0.0362497
0.0356669
0.0352609
0.0350841
0.035157
0.035507
0.0360934
0.0371761
0.0383846
0.0408851
)
;

boundaryField
{
    movingWall
    {
        type            zeroGradient;
    }
    fixedWalls
    {
        type            zeroGradient;
    }
    frontAndBack
    {
        type            empty;
    }
}


// ************************************************************************* //
