/*--------------------------------*- C++ -*----------------------------------*\
  =========                 |
  \\      /  F ield         | OpenFOAM: The Open Source CFD Toolbox
   \\    /   O peration     | Website:  https://openfoam.org
    \\  /    A nd           | Version:  11
     \\/     M anipulation  |
\*---------------------------------------------------------------------------*/
FoamFile
{
    format      ascii;
    class       volScalarField;
    location    "10.25";
    object      C;
}
// * * * * * * * * * * * * * * * * * * * * * * * * * * * * * * * * * * * * * //

dimensions      [0 0 0 0 0 0 0];

internalField   nonuniform List<scalar> 
400
(
1.07279e-05
-0.00134355
-0.00737627
0.150064
0.376485
0.250823
0.0146814
-0.0353474
-0.00156459
0.00579696
-0.000425791
-0.000944464
0.000267067
0.000122651
-9.18186e-05
1.72791e-06
2.15839e-05
-1.08527e-05
2.16732e-06
-1.28514e-07
-0.00153945
-0.0103876
0.0631816
0.275064
0.356875
0.160366
-0.0163998
-0.0274752
0.0027377
0.00468951
-0.000933248
-0.000827441
0.000282082
0.000152158
-8.2874e-05
-1.62736e-05
2.38438e-05
-8.2781e-06
1.44921e-06
-1.20315e-07
-0.0064433
-0.00128163
0.140155
0.359763
0.359031
0.134719
-0.0251644
-0.0336966
-0.00131165
0.00689165
0.00117146
-0.00146128
-0.000379609
0.000342151
4.29494e-05
-8.55269e-05
3.12704e-05
-5.4415e-06
5.16751e-07
-3.63337e-08
-0.00861995
0.00528106
0.173702
0.407101
0.424538
0.220106
0.0252418
-0.0421523
-0.024974
0.00191009
0.00691892
0.000741142
-0.00161006
-9.56102e-05
0.000347861
-0.00013421
2.27298e-05
-3.22886e-06
-4.3998e-07
1.84263e-07
-0.00789417
0.00140621
0.153951
0.400805
0.509805
0.401619
0.191688
0.0194092
-0.0455535
-0.0268006
0.00347711
0.00734985
-0.000455681
-0.00147049
0.000566922
-0.00012638
2.31437e-06
-5.70735e-06
-1.91079e-06
9.16082e-07
-0.00540208
-0.00626785
0.0983126
0.320795
0.518276
0.570135
0.451831
0.226421
0.0241877
-0.0526511
-0.0255386
0.00797857
0.00540703
-0.00255023
0.00058054
-5.792e-05
-9.41099e-06
-9.99968e-06
4.40634e-07
2.53093e-07
-0.00266185
-0.00990146
0.0394721
0.191644
0.401606
0.587143
0.654158
0.530371
0.25707
0.0109613
-0.0606093
-0.0116478
0.0128501
-0.00189362
0.000765024
0.000189962
6.26459e-05
1.49601e-05
2.46545e-05
-1.27821e-05
-0.00075667
-0.00809834
0.00232965
0.0722332
0.21533
0.422613
0.641686
0.745177
0.596596
0.24196
-0.0359584
-0.0538192
0.0124646
-0.00122744
0.000871793
0.000645999
0.000335229
0.000151128
9.80279e-05
-6.27506e-05
4.96303e-05
-0.00412718
-0.00958552
0.0041234
0.060629
0.189009
0.413361
0.695647
0.848854
0.627794
0.143475
-0.0882212
-0.00672261
-0.00853215
-0.00272123
4.28612e-05
0.000615003
0.000474661
0.00018846
-0.000155814
0.000163221
-0.00112403
-0.00745764
-0.0147459
-0.010942
0.0276492
0.142614
0.385477
0.762396
1.00911
0.578366
0.0146206
-0.0164315
-0.0256762
-0.0157911
-0.00533339
-0.000381643
0.000774277
9.14504e-06
-0.000130506
7.60749e-05
9.21336e-05
-0.00275402
-0.0102898
-0.0202625
-0.0243396
-0.00164296
0.0918805
0.326409
0.928218
1.06221
0.439436
0.10989
-0.00745065
-0.0298271
-0.0180282
-0.0052518
-5.19665e-06
-0.00125615
0.000719973
1.11704e-05
0.000239304
-0.00023258
-0.00319926
-0.00947046
-0.0183784
-0.0257565
-0.01469
-0.00418323
0.444735
0.930132
0.8492
0.453514
0.140129
0.000419656
-0.027508
-0.015326
-0.00417934
-0.00489616
0.00429974
-5.5048e-06
0.000101779
0.000296311
-4.37676e-05
-0.0015824
-0.00490123
-0.0113212
-0.00758975
-0.0813687
0.0691904
0.505326
0.813841
0.726733
0.410183
0.131386
-0.00134138
-0.0242328
-0.0142744
-0.01134
0.0144354
-3.04974e-06
1.21917e-05
0.000152432
0.000378287
0.000510413
0.000507825
-0.00265365
0.0100557
-0.041738
-0.0612864
0.148062
0.515857
0.731273
0.62885
0.34052
0.0921586
-0.0141617
-0.0284648
-0.0165869
0.0371134
-2.33654e-07
-6.37494e-06
2.14237e-05
0.000137872
0.00030367
0.00103269
-0.00186037
0.0101674
-0.00243389
-0.0547737
-0.0248307
0.199612
0.515243
0.664251
0.527377
0.245804
0.037262
-0.0331594
-0.00722345
0.0793733
1.84057e-07
-2.73134e-06
-8.07091e-06
1.25328e-05
-3.57285e-05
0.000732567
-0.00203707
0.00336261
0.0100382
-0.0175549
-0.0553323
0.0087352
0.244566
0.521293
0.599114
0.411242
0.145084
0.00264693
0.0399993
0.145507
2.9308e-08
-4.69535e-08
-4.78106e-06
8.31523e-06
-0.000146048
0.000570901
-0.00115916
-0.00106285
0.00709632
0.00466401
-0.0289858
-0.0488068
0.0528633
0.305088
0.53478
0.528764
0.307325
0.117393
0.142914
0.230743
-1.02602e-08
3.1758e-07
-3.21777e-06
2.70624e-05
-0.000159617
0.000408821
-0.00015989
-0.00194628
0.00175783
0.00867124
-0.00381789
-0.0394194
-0.030418
0.11561
0.369139
0.538391
0.473208
0.297935
0.274304
0.315361
8.58197e-08
1.57248e-08
-4.28206e-06
4.16822e-05
-0.000165401
0.000226188
0.000396451
-0.00122598
-0.00136986
0.00456186
0.00773816
-0.0110864
-0.0423113
-0.0194709
0.129179
0.344416
0.449529
0.355573
0.323167
0.367305
-1.17467e-07
1.57529e-06
-8.96374e-06
2.47027e-05
-2.03873e-05
-4.40712e-05
6.9852e-05
0.000109733
-0.000130061
-0.000352506
-6.68712e-05
0.000808106
0.00183623
0.00155709
-0.00467474
-0.0209707
-0.0338638
-0.00840843
0.164995
0.365057
)
;

boundaryField
{
    movingWall
    {
        type            zeroGradient;
    }
    fixedWalls
    {
        type            zeroGradient;
    }
    frontAndBack
    {
        type            empty;
    }
}


// ************************************************************************* //
