/*--------------------------------*- C++ -*----------------------------------*\
  =========                 |
  \\      /  F ield         | OpenFOAM: The Open Source CFD Toolbox
   \\    /   O peration     | Website:  https://openfoam.org
    \\  /    A nd           | Version:  11
     \\/     M anipulation  |
\*---------------------------------------------------------------------------*/
FoamFile
{
    format      ascii;
    class       volScalarField;
    location    "14.25";
    object      C;
}
// * * * * * * * * * * * * * * * * * * * * * * * * * * * * * * * * * * * * * //

dimensions      [0 0 0 0 0 0 0];

internalField   nonuniform List<scalar> 
400
(
0.0125002
0.0255334
0.0457008
0.0285084
0.0311744
0.0371081
0.0419136
0.0455604
0.048036
0.0495119
0.0501682
0.0501696
0.0496461
0.0486715
0.0474444
0.0460947
0.0448069
0.043719
0.042945
0.042493
0.0312266
0.0385944
0.03638
0.0324555
0.0431268
0.0550605
0.0651549
0.0721958
0.0756924
0.0758502
0.0732881
0.0687832
0.0631639
0.0573086
0.051787
0.0470677
0.0434882
0.0412262
0.0403617
0.0407672
0.039211
0.0381737
0.0341353
0.0439057
0.0642514
0.0843219
0.100356
0.109878
0.112136
0.107756
0.0982051
0.0855549
0.0720683
0.0597517
0.0498546
0.0429217
0.0387459
0.0366534
0.0358997
0.0359627
0.0411758
0.0354871
0.0372565
0.058998
0.0894459
0.118821
0.141705
0.153894
0.153475
0.141151
0.119905
0.0944556
0.06993
0.0503001
0.0375039
0.0314578
0.0303401
0.0315892
0.0330842
0.0338965
0.0411615
0.0332314
0.0415313
0.0730419
0.113435
0.152946
0.183898
0.199422
0.195548
0.17275
0.136149
0.0942335
0.0561339
0.0285462
0.0142856
0.0118464
0.0168466
0.0241508
0.0297881
0.0322461
0.0408223
0.0311979
0.0437944
0.0821008
0.130946
0.180522
0.221325
0.243736
0.240733
0.210747
0.159394
0.0988465
0.0438823
0.00612875
-0.0103855
-0.00943274
0.00169585
0.0156122
0.0263036
0.0309664
0.0406952
0.0289728
0.0424985
0.0835719
0.13751
0.195554
0.248389
0.28487
0.293506
0.266275
0.204535
0.123116
0.0460819
-0.00561013
-0.0268628
-0.0252568
-0.0110851
0.00746554
0.0228898
0.0299555
0.0410438
0.026588
0.037509
0.0766706
0.130693
0.193561
0.259426
0.318487
0.353976
0.345206
0.281046
0.176265
0.069777
-0.000416858
-0.0295601
-0.0309988
-0.0183358
0.00117415
0.0198909
0.0291956
0.0418959
0.0244448
0.0298154
0.0625916
0.111051
0.173122
0.249646
0.336436
0.413473
0.442964
0.390101
0.261456
0.119098
0.0259316
-0.0154257
-0.0245175
-0.0183385
-0.00225896
0.0176225
0.028695
0.0433497
0.0231349
0.0210228
0.044247
0.0823343
0.136989
0.216586
0.325829
0.448407
0.535114
0.514969
0.364114
0.191793
0.0754171
0.0172373
-0.00504299
-0.0103997
-0.00221375
0.0163136
0.0284571
0.0451605
0.0234766
0.0132234
0.0250908
0.050187
0.092208
0.164805
0.279796
0.425969
0.551385
0.574469
0.44238
0.270562
0.141881
0.066285
0.0264862
0.00528669
0.00162437
0.0161886
0.0284988
0.047232
0.0258656
0.00846287
0.00875723
0.0206771
0.0480328
0.106013
0.209138
0.349631
0.480125
0.523038
0.451875
0.326387
0.208799
0.123561
0.0665753
0.0274018
0.00925946
0.0173978
0.0288262
0.0495119
0.0303939
0.00831024
-0.00156909
-0.00110193
0.0128624
0.0536287
0.134552
0.250732
0.366643
0.428231
0.413762
0.344451
0.257224
0.176599
0.108965
0.0533263
0.0202305
0.0201021
0.0294579
0.0518502
0.0367133
0.0134895
-0.00363614
-0.0118474
-0.00806272
0.017476
0.0748291
0.161698
0.256072
0.325376
0.349389
0.328685
0.278261
0.214089
0.145712
0.0794559
0.0334886
0.0244238
0.0304087
0.0538958
0.0440307
0.023637
0.003562
-0.00993088
-0.0128081
0.00151033
0.0394225
0.100238
0.172311
0.237317
0.279334
0.290715
0.272479
0.230157
0.170203
0.101609
0.047507
0.0300895
0.031704
0.0545109
0.0509115
0.0369061
0.0190688
0.0046129
-0.00139106
0.0057854
0.0298078
0.0705302
0.122337
0.175458
0.219148
0.24492
0.247528
0.224961
0.17856
0.116016
0.0604812
0.0365684
0.0333303
0.0492708
0.0541199
0.0496992
0.0392493
0.0289733
0.0239709
0.0279687
0.0431467
0.0694487
0.104189
0.142358
0.177482
0.20298
0.212837
0.202439
0.169883
0.119965
0.0702791
0.0429952
0.0352287
0.0383428
0.0514573
0.0569324
0.0566799
0.0547824
0.0549446
0.0597309
0.0704118
0.0868886
0.107768
0.130522
0.151685
0.167234
0.173041
0.166304
0.144987
0.111445
0.0739414
0.047942
0.0372701
0.0338717
0.0466026
0.0558166
0.0624286
0.0676641
0.0728347
0.0788742
0.0861692
0.0945565
0.103415
0.111791
0.118447
0.122124
0.121404
0.115952
0.104365
0.0879544
0.0669941
0.0492753
0.0392212
0.0348177
0.0374049
0.0405499
0.0439389
0.047224
0.050189
0.0527576
0.0549218
0.0566478
0.0579017
0.0586415
0.0588276
0.0584535
0.0574799
0.0559635
0.0539293
0.0515601
0.048603
0.0456244
0.040604
)
;

boundaryField
{
    movingWall
    {
        type            zeroGradient;
    }
    fixedWalls
    {
        type            zeroGradient;
    }
    frontAndBack
    {
        type            empty;
    }
}


// ************************************************************************* //
