/*--------------------------------*- C++ -*----------------------------------*\
  =========                 |
  \\      /  F ield         | OpenFOAM: The Open Source CFD Toolbox
   \\    /   O peration     | Website:  https://openfoam.org
    \\  /    A nd           | Version:  11
     \\/     M anipulation  |
\*---------------------------------------------------------------------------*/
FoamFile
{
    format      ascii;
    class       volScalarField;
    location    "14.375";
    object      C;
}
// * * * * * * * * * * * * * * * * * * * * * * * * * * * * * * * * * * * * * //

dimensions      [0 0 0 0 0 0 0];

internalField   nonuniform List<scalar> 
400
(
0.0130161
0.0260776
0.0401967
0.0303892
0.0396596
0.0452501
0.0479642
0.0491171
0.049247
0.0487367
0.0478344
0.0467072
0.045468
0.0441945
0.0429901
0.0419419
0.041145
0.040724
0.0408112
0.0414636
0.0314807
0.0352568
0.0360856
0.0396986
0.0518831
0.0591316
0.062576
0.0628
0.0605577
0.0567154
0.0520906
0.0473479
0.0429965
0.0393793
0.0366379
0.0348479
0.0339561
0.0338795
0.0344925
0.0355982
0.0372531
0.0364697
0.0405789
0.0555107
0.0716107
0.0810523
0.0841932
0.081384
0.0739989
0.0638464
0.0527581
0.0423909
0.0340162
0.0283182
0.0253636
0.0248134
0.0259847
0.0280374
0.0301055
0.0314834
0.0383953
0.0376221
0.050468
0.0749471
0.0964294
0.109209
0.112126
0.104959
0.0894991
0.069077
0.047647
0.0289133
0.0154961
0.00831365
0.0069081
0.00992415
0.0155517
0.0219148
0.0272596
0.0301811
0.0382627
0.0395023
0.0616642
0.0953548
0.124302
0.142522
0.146588
0.13503
0.109982
0.0767887
0.0423399
0.0131379
-0.00642141
-0.0150725
-0.0141629
-0.0067521
0.00392608
0.0151845
0.0245552
0.0295714
0.0378965
0.0409498
0.071025
0.113738
0.151984
0.178535
0.187607
0.176053
0.145408
0.101653
0.0537134
0.0114052
-0.0174304
-0.029751
-0.0280961
-0.0181338
-0.00466174
0.00970619
0.0224865
0.0295391
0.0375737
0.0410325
0.0763683
0.126764
0.174743
0.212328
0.232475
0.230356
0.204652
0.157981
0.0982393
0.0390707
-0.00477015
-0.0252976
-0.0265473
-0.0179974
-0.00633244
0.00716753
0.0214351
0.0299318
0.0374826
0.0393676
0.0764291
0.131495
0.187231
0.236375
0.273021
0.292047
0.287339
0.252324
0.187405
0.108461
0.0413393
0.00563274
-0.00432643
-0.00261151
0.00153969
0.00896671
0.021791
0.0307073
0.0377338
0.0362325
0.0710109
0.126307
0.185249
0.242584
0.296482
0.345075
0.37884
0.377573
0.323266
0.225091
0.12609
0.0666545
0.0402562
0.0287539
0.0196979
0.015755
0.023821
0.0318434
0.0385788
0.0322035
0.0609602
0.111687
0.16772
0.226024
0.290113
0.365267
0.445892
0.502735
0.484223
0.368552
0.239189
0.152149
0.103423
0.0734777
0.047009
0.0275052
0.0276103
0.0333068
0.0399084
0.0285906
0.0479588
0.0896211
0.13708
0.188087
0.250125
0.334955
0.443104
0.544537
0.57674
0.479163
0.345861
0.242418
0.17398
0.125199
0.0804679
0.0435261
0.0331461
0.0350709
0.0417175
0.0265078
0.0346348
0.0638483
0.0988361
0.136496
0.185429
0.260237
0.365531
0.475579
0.528448
0.489573
0.400179
0.308981
0.235442
0.174957
0.115514
0.0625016
0.0402467
0.0370936
0.0440504
0.0267735
0.0238537
0.0390073
0.0600251
0.0823901
0.113114
0.165925
0.247518
0.341366
0.406374
0.418143
0.384756
0.330328
0.272292
0.213366
0.147082
0.082493
0.0485783
0.0393297
0.0468993
0.0297499
0.0181234
0.0197818
0.0274309
0.0361742
0.0501719
0.0799725
0.132775
0.201739
0.26588
0.307184
0.319306
0.30691
0.277472
0.233262
0.170674
0.101089
0.0574928
0.0417172
0.0501472
0.0352621
0.0188972
0.0099333
0.00642665
0.00494392
0.00729637
0.0201996
0.0497827
0.0954311
0.148715
0.19848
0.235658
0.255303
0.255436
0.232941
0.182931
0.115895
0.066003
0.0441855
0.0536133
0.0424424
0.0258552
0.0111907
0.000307433
-0.00762559
-0.0116517
-0.0081232
0.00706288
0.035474
0.0747842
0.119444
0.162833
0.198127
0.218583
0.216018
0.182723
0.124841
0.0729933
0.0466081
0.0544202
0.0493254
0.037045
0.022678
0.00971256
-0.000454661
-0.0065971
-0.00674069
0.00133418
0.0190477
0.0461842
0.0804765
0.118086
0.153768
0.180514
0.188951
0.170723
0.125928
0.0770292
0.048802
0.0463238
0.0515485
0.0477741
0.0395048
0.0305253
0.0231836
0.0190267
0.0193304
0.0251239
0.0370477
0.055025
0.0780589
0.103819
0.128733
0.148473
0.156558
0.147582
0.116555
0.0763658
0.050552
0.0391054
0.0508782
0.0544738
0.0546097
0.0534597
0.0526267
0.0531751
0.0557428
0.0606286
0.0678464
0.0770946
0.0877373
0.0988078
0.108572
0.115712
0.116942
0.111349
0.0931483
0.0690469
0.0515859
0.0341612
0.0376323
0.0413651
0.0446691
0.0473741
0.0496118
0.0515786
0.0534208
0.0551949
0.0568971
0.0584792
0.0598615
0.060967
0.0616632
0.0618842
0.0615106
0.0606518
0.058631
0.0562084
0.0517033
)
;

boundaryField
{
    movingWall
    {
        type            zeroGradient;
    }
    fixedWalls
    {
        type            zeroGradient;
    }
    frontAndBack
    {
        type            empty;
    }
}


// ************************************************************************* //
