/*--------------------------------*- C++ -*----------------------------------*\
  =========                 |
  \\      /  F ield         | OpenFOAM: The Open Source CFD Toolbox
   \\    /   O peration     | Website:  https://openfoam.org
    \\  /    A nd           | Version:  11
     \\/     M anipulation  |
\*---------------------------------------------------------------------------*/
FoamFile
{
    format      ascii;
    class       volScalarField;
    location    "15.75";
    object      C;
}
// * * * * * * * * * * * * * * * * * * * * * * * * * * * * * * * * * * * * * //

dimensions      [0 0 0 0 0 0 0];

internalField   nonuniform List<scalar> 
400
(
0.0177509
0.0271656
0.0415903
0.0524104
0.0524757
0.0489222
0.0460414
0.0435611
0.0415789
0.0400592
0.038963
0.0382524
0.0379083
0.0379749
0.038345
0.0389529
0.0396686
0.0404038
0.0411153
0.0418577
0.0304277
0.0371083
0.0489176
0.0524058
0.0478311
0.0412674
0.0353226
0.0304857
0.0273063
0.0259423
0.0263013
0.0281197
0.031002
0.03437
0.0377122
0.0404945
0.042295
0.0428795
0.0423436
0.0411942
0.0353662
0.04532
0.053022
0.0500758
0.0409254
0.0308993
0.0223644
0.0167104
0.0147892
0.0166848
0.0219114
0.0294664
0.0379975
0.0459785
0.0520047
0.0551157
0.0550968
0.0525683
0.0489552
0.0461172
0.0387355
0.0510851
0.0554724
0.0481441
0.035677
0.0231743
0.0135489
0.00912954
0.0112981
0.0200666
0.034024
0.0505657
0.0664229
0.0784154
0.0842852
0.0831996
0.0760828
0.0655212
0.0551863
0.0488078
0.0411071
0.0557241
0.0587867
0.0496568
0.0361506
0.0236781
0.0161781
0.0170825
0.0281377
0.0484493
0.0744219
0.100785
0.122013
0.13393
0.134436
0.123824
0.104786
0.0821513
0.0620973
0.0506739
0.0426438
0.0600692
0.0644232
0.0566976
0.0457286
0.0377026
0.0377685
0.0500793
0.075575
0.110646
0.147971
0.179251
0.197982
0.201599
0.190576
0.167221
0.135174
0.0998257
0.0690745
0.0520832
0.0434855
0.0643182
0.0725929
0.0697641
0.0656331
0.0674437
0.0814167
0.111625
0.156519
0.20745
0.251463
0.277242
0.280165
0.26446
0.236482
0.200801
0.159711
0.115419
0.075349
0.0531253
0.0436096
0.0681067
0.0824691
0.08752
0.0938017
0.109498
0.141535
0.19346
0.260436
0.326984
0.371793
0.379501
0.351709
0.307163
0.259755
0.215321
0.172459
0.126147
0.0802611
0.0538499
0.0430925
0.0708714
0.0924868
0.107093
0.125213
0.155146
0.203705
0.274074
0.359599
0.439044
0.480369
0.460149
0.392849
0.318357
0.255147
0.208006
0.171177
0.130577
0.0833492
0.0542564
0.0419095
0.0719104
0.100825
0.124938
0.153634
0.193898
0.250678
0.326038
0.414255
0.4959
0.53163
0.481243
0.383346
0.291597
0.223748
0.18174
0.157102
0.128541
0.0845207
0.0543855
0.0403359
0.0704378
0.105332
0.137494
0.173491
0.217753
0.271776
0.33483
0.401264
0.455561
0.473806
0.412697
0.315092
0.229597
0.172077
0.142979
0.133903
0.120863
0.0837703
0.0542497
0.0385545
0.0662807
0.104373
0.14202
0.181287
0.223414
0.266323
0.306295
0.337827
0.351346
0.332768
0.277084
0.207279
0.147699
0.111285
0.0996573
0.106407
0.109011
0.0813363
0.0538919
0.0367663
0.0597693
0.097183
0.136907
0.175823
0.21193
0.240843
0.257523
0.257977
0.239672
0.201449
0.151666
0.103989
0.0697136
0.0546677
0.0591649
0.0793865
0.0949823
0.0774085
0.0533192
0.0353126
0.051904
0.0844497
0.122199
0.157889
0.186759
0.203681
0.204259
0.186852
0.153748
0.110891
0.0678075
0.0339558
0.0151471
0.0133971
0.027897
0.0561596
0.0806409
0.0721676
0.052544
0.034729
0.0442078
0.0683748
0.0998611
0.129827
0.151839
0.160991
0.154382
0.132299
0.0987203
0.0606207
0.0256395
0.00034288
-0.0113791
-0.00827833
0.00904582
0.0391726
0.0675382
0.0662192
0.0515596
0.0357465
0.0385745
0.052645
0.074362
0.0961326
0.111566
0.116461
0.109131
0.0906489
0.0645708
0.0361314
0.0106091
-0.0077794
-0.0160903
-0.0128036
0.0024844
0.0294107
0.056742
0.0601434
0.050402
0.039134
0.0366477
0.0411525
0.0517957
0.0637607
0.0723202
0.0744204
0.0690417
0.057081
0.04082
0.0232907
0.00761792
-0.00371582
-0.00871176
-0.00589529
0.0057816
0.0265503
0.0488519
0.0543988
0.0491203
0.0428258
0.037942
0.0361919
0.0378594
0.0409199
0.0430159
0.0425558
0.0390065
0.0327995
0.0249888
0.0169189
0.00998668
0.00544224
0.00442577
0.00768461
0.0160165
0.0294837
0.0441402
0.049451
0.0477946
0.0437425
0.0408436
0.0377769
0.0355291
0.0339179
0.032469
0.030812
0.0288283
0.0266352
0.0245047
0.0227665
0.0217739
0.0218358
0.0232465
0.0260565
0.0305277
0.0364319
0.0426162
0.045756
0.0465233
0.0410807
0.0407183
0.0402787
0.039691
0.0390326
0.0384228
0.0379411
0.0376209
0.037481
0.0375224
0.0377403
0.0381251
0.0386597
0.039335
0.0401217
0.0410091
0.0419612
0.0429698
0.043829
0.045555
)
;

boundaryField
{
    movingWall
    {
        type            zeroGradient;
    }
    fixedWalls
    {
        type            zeroGradient;
    }
    frontAndBack
    {
        type            empty;
    }
}


// ************************************************************************* //
